"mean_RT"	"w1"	"w2"	"w3"	"w4"	"w5"	"w6"	"w7"	"w8"	"w9"	"w10"	"w11"	"w12"	"w13"	"w14"	"w15"	"w16"	"w18"	"w19"	"w20"	"w21"	"w22"	"w23"	"w24"	"w25"	"w26"	"w27"	"w28"	"w29"	"w30"	"w31"	"w32"	"w33"	"w34"	"w35"	"w36"	"w38"	"w39"	"w40"	"w42"	"w43"	"w44"	"w45"	"w48"	"w49"	"w50"	"w51"	"w52"	"w53"	"w54"	"w55"	"w56"	"w58"	"w59"	"w60"	"w61"	"w62"	"w63"	"w64"	"w65"	"w66"	"w68"	"w69"	"w70"	"w71"	"w72"	"w73"	"w74"	"w75"	"w76"	"w78"	"w79"	"w80"	"w81"	"w82"	"w83"	"w84"
8.3375	8.32	8.35	0	0	8.34	0	0	0	0	0	0	0	0	0	0	0	0	0	0	0	0	0	0	0	0	0	0	0	0	0	0	0	0	0	0	0	0	0	0	0	0	0	0	0	0	0	0	0	0	0	0	0	0	0	0	0	0	0	0	0	0	0	0	0	0	0	8.34	0	0	0	0	0	0	0	0	0
9.015	9.01	0	0	0	0	0	0	0	0	0	0	0	0	0	0	0	0	0	0	0	0	0	0	0	0	0	0	0	0	0	0	0	0	0	0	0	0	0	0	0	0	0	0	0	0	0	0	0	0	0	0	0	0	0	0	0	0	0	0	0	0	0	0	0	0	9.02	0	0	0	0	0	0	0	0	0	0
9.63333333333333	0	0	0	0	0	0	0	9.63	0	0	0	0	0	0	0	0	0	0	0	0	0	0	0	0	0	0	0	0	0	0	0	0	0	0	0	0	0	0	0	9.64	0	0	0	0	0	0	0	0	0	0	0	0	0	9.63	0	0	0	0	0	9.63	9.64	9.64	0	0	0	9.61	0	9.64	0	0	0	0	0	9.64	0	0
9.82142857142857	9.83	0	0	0	0	0	0	0	0	0	9.82	0	0	0	0	0	0	0	0	0	0	9.81	0	0	0	0	0	0	0	0	0	0	0	0	0	0	0	0	0	0	0	0	0	0	0	9.8	0	0	0	0	0	0	0	0	0	0	0	0	0	0	0	0	0	0	0	9.83	9.85	0	9.81	0	0	0	0	0	0	0
9.865	0	9.87	0	0	9.86	0	0	0	0	0	0	0	0	0	0	0	0	0	0	0	0	0	0	0	0	0	0	0	0	0	0	0	0	0	0	0	0	0	0	0	0	0	0	0	0	0	0	0	0	0	0	0	0	0	0	0	0	0	0	0	0	0	0	0	0	0	0	0	0	0	0	0	0	0	0	0
9.92066666666667	0	0	0	0	0	0	9.92	0	0	0	0	9.91	0	9.91	9.92	0	0	0	0	0	0	0	0	0	0	0	0	0	9.92	0	0	9.92	9.92	0	0	0	0	0	0	0	0	0	0	0	0	0	9.91	0	0	0	9.93	9.92	0	9.92	0	0	0	0	0	9.92	9.93	9.93	0	0	0	0	0	9.93	0	0	0	0	0	0	0	0
10.7866666666667	10.78	10.79	0	0	10.79	0	0	0	0	0	0	0	0	0	0	0	0	0	0	0	0	0	0	0	0	0	0	0	0	0	0	0	0	0	0	0	0	0	0	0	0	0	0	0	0	0	0	0	0	0	0	0	0	0	0	0	0	0	0	0	0	0	0	0	0	0	0	0	0	0	0	0	0	0	0	0
11.025	11.02	11.03	0	0	0	0	0	0	0	0	0	0	0	0	0	0	0	0	0	0	0	0	0	0	0	0	0	0	0	0	0	0	0	0	0	0	0	0	0	0	0	0	0	0	0	0	0	0	0	0	0	0	0	0	0	0	0	0	0	0	0	0	0	0	0	0	0	0	0	0	0	0	0	0	0	0
11.456	0	0	0	0	0	0	0	0	0	0	0	0	0	0	0	11.46	0	11.45	0	0	0	0	0	0	0	0	0	0	0	0	0	0	0	0	0	0	0	0	0	0	0	0	0	0	0	11.45	0	0	0	0	0	0	0	0	11.46	0	0	0	0	0	0	0	0	0	0	11.46	0	0	0	0	0	0	0	0	0	0
11.58	0	0	0	0	0	0	0	0	0	0	0	0	0	0	0	0	0	0	0	0	0	0	0	0	0	0	0	0	0	0	0	0	0	0	0	0	0	0	0	0	0	0	0	0	0	0	0	0	0	0	0	0	0	0	0	11.58	0	0	0	0	0	0	0	0	0	11.58	0	0	0	0	0	0	0	0	0	0
11.7642857142857	0	0	0	0	0	0	0	0	0	11.76	0	0	0	0	0	11.77	0	11.76	0	0	0	0	0	0	0	11.76	0	0	0	0	0	0	0	0	0	0	0	0	11.77	0	0	0	0	0	0	11.76	11.76	0	0	0	0	0	0	0	11.77	11.77	0	0	0	0	0	11.77	0	0	0	11.76	0	0	11.77	0	0	11.76	11.76	0	0	0
12.101	0	0	0	0	0	0	0	0	12.1	12.09	0	12.1	0	12.1	0	12.1	12.1	12.11	0	12.1	0	0	0	12.11	12.1	12.1	12.1	0	0	0	0	0	0	12.1	0	0	0	0	12.1	0	0	12.1	12.1	0	0	12.1	12.1	12.1	0	0	0	0	12.1	0	12.1	12.1	12.1	0	0	0	0	12.11	0	0	0	12.1	0	0	12.1	0	12.1	12.1	12.1	0	0	12.11
12.2166666666667	0	0	0	0	0	0	0	0	0	0	0	0	0	0	0	12.21	0	0	0	0	0	0	0	0	0	0	0	0	0	0	0	0	0	0	0	0	0	0	0	0	0	0	0	0	0	0	0	0	0	0	0	0	0	0	0	12.22	0	0	0	0	0	0	0	0	0	12.22	0	0	0	0	0	0	0	0	0	0
12.3	0	0	0	0	0	0	0	0	0	0	0	0	0	0	0	12.31	0	0	0	0	0	0	0	0	0	0	0	0	0	0	0	0	0	0	0	0	0	0	12.3	0	0	0	0	0	0	12.28	0	0	0	0	0	0	0	0	12.31	12.31	0	0	0	0	0	0	0	0	0	12.29	0	0	0	0	0	0	0	0	0	0
12.315	0	0	0	0	0	0	0	0	0	0	0	0	0	0	0	0	0	12.32	0	0	0	0	0	0	0	0	0	0	0	0	0	0	0	0	0	0	0	0	0	0	0	0	0	0	0	12.31	0	0	0	0	0	0	0	0	0	0	0	0	0	0	0	0	0	0	0	0	0	0	0	0	0	0	0	0	0	0
12.455	0	0	0	0	0	0	0	0	0	0	0	0	0	0	0	0	0	0	0	0	0	0	0	0	0	0	0	0	0	0	0	0	0	0	0	0	0	0	0	0	0	0	0	0	0	0	0	0	0	0	0	0	0	0	0	12.46	0	0	0	0	0	0	0	0	0	12.45	0	0	0	0	0	0	0	0	0	0
12.565	0	0	0	0	0	0	0	0	0	0	0	0	0	0	0	0	0	12.56	0	0	0	0	0	0	0	0	0	0	0	0	0	0	0	0	0	0	0	0	0	0	0	0	0	0	0	0	0	0	0	0	0	0	0	0	0	0	0	0	0	0	0	0	0	0	0	12.57	0	0	0	0	0	0	0	0	0	0
12.6	0	0	0	0	0	0	0	0	0	0	0	0	0	0	0	12.6	0	0	0	0	0	0	0	0	0	0	0	0	0	0	0	0	0	0	0	0	0	0	0	0	0	0	0	0	0	0	0	0	0	0	0	0	0	0	0	12.6	0	0	0	0	0	0	0	0	0	0	0	0	0	0	0	0	0	0	0	0
12.63	0	0	0	0	0	0	0	12.63	0	0	0	0	0	0	0	0	0	0	0	0	0	0	0	0	0	0	0	0	0	0	0	0	0	0	0	0	0	0	0	12.63	0	0	0	0	12.63	0	0	0	0	0	0	0	0	0	0	0	0	0	0	0	0	0	0	0	0	0	0	0	0	0	0	0	0	12.63	0	0
12.6808333333333	0	0	0	0	0	0	0	0	0	12.67	0	0	0	0	0	12.68	0	12.67	0	0	0	0	0	0	0	0	0	0	0	0	0	0	0	0	0	0	0	0	12.69	0	0	0	0	0	0	12.67	12.68	0	0	0	0	0	0	0	12.68	12.68	0	0	0	0	0	12.7	0	0	0	12.7	0	0	12.68	0	0	12.67	0	0	0	0
12.8025	0	0	0	0	0	0	0	0	0	0	0	0	0	0	0	12.81	0	12.81	0	0	0	0	0	0	0	0	0	0	0	0	0	0	0	0	0	0	0	0	0	0	0	0	0	0	12.79	12.8	0	0	0	0	0	0	0	0	12.8	12.8	0	0	0	0	0	0	0	0	0	12.8	0	0	12.81	0	0	0	0	0	0	0
13.0324528301887	0	0	13.03	0	0	0	0	0	13.03	13.03	13.02	13.03	0	13.03	13.03	13.04	13.03	13.05	0	13.03	0	0	0	13.04	13.03	13.04	13.03	13.01	13.04	13.03	0	0	13.02	13.04	13.04	13.01	0	13.02	13.04	13.04	13.04	13.05	13.03	13.03	0	13.04	13.04	13.04	13.02	13.02	13.03	0	13.03	13.03	13.05	13.02	13.04	13.02	13.03	0	0	13.05	13.01	0	13.04	13.04	0	0	13.04	13.03	13.03	13.04	13.03	0	13.05	13.02
13.11	0	13.11	0	0	13.11	0	0	0	0	0	0	0	0	0	0	0	0	0	0	0	0	0	0	0	0	0	0	0	0	0	0	0	0	0	0	0	0	0	0	0	0	0	0	0	0	0	0	0	0	0	0	0	0	0	0	0	0	0	0	0	0	0	0	0	0	0	0	0	0	0	0	0	0	0	0	0
13.22	13.22	0	0	0	0	0	0	0	0	0	0	0	0	0	0	0	0	0	0	0	0	0	0	0	0	0	0	0	0	0	0	0	0	0	0	0	0	0	0	0	0	0	0	0	0	0	0	0	0	0	0	0	0	0	0	13.22	0	0	0	0	0	0	0	0	0	13.22	0	0	0	0	0	0	0	0	0	0
13.4240625	0	0	13.43	13.43	0	0	13.43	13.42	13.42	13.41	13.43	13.42	13.41	13.42	13.43	13.42	13.42	13.43	13.42	13.42	13.42	0	13.42	13.44	13.43	13.43	13.42	13.43	13.43	13.42	13.42	13.43	13.42	13.44	13.42	0	13.43	0	13.42	13.42	13.43	13.43	13.42	13.43	13.42	13.42	13.42	13.42	13.42	13.43	13.42	0	13.42	0	13.43	13.43	13.42	13.42	13.42	0	13.42	13.42	0	13.42	13.43	13.43	0	13.42	13.43	13.42	13.42	13.43	13.43	13.42	13.43	13.42
13.514	13.5	13.51	0	0	13.5	0	0	0	0	0	0	0	0	0	0	0	0	0	0	0	0	0	0	0	0	0	0	0	0	0	0	0	0	0	0	0	0	0	0	0	0	0	0	0	0	0	0	0	0	0	0	0	0	0	0	13.54	0	0	0	0	0	0	0	0	0	13.52	0	0	0	0	0	0	0	0	0	0
13.595	0	0	0	0	0	0	0	0	0	13.58	0	0	0	0	0	13.61	0	13.59	0	0	0	0	0	0	0	13.59	0	0	0	0	0	0	0	0	0	0	0	0	13.6	0	0	13.6	0	0	0	13.59	13.59	0	0	0	0	0	0	0	13.62	13.61	0	0	0	0	0	13.61	0	0	0	13.61	0	0	13.58	0	13.58	13.58	13.58	0	0	0
13.625	0	0	0	0	0	0	0	0	0	13.62	0	0	0	0	0	0	0	0	0	0	0	0	0	0	0	0	0	0	0	0	0	0	0	0	0	0	0	0	0	0	0	13.63	0	0	0	0	0	0	0	0	0	0	0	0	0	0	0	0	0	0	0	0	0	0	0	0	0	0	0	0	0	0	0	0	0	0
13.71	0	0	0	0	0	0	0	0	0	13.72	0	0	0	0	0	13.72	0	13.7	0	0	0	0	0	0	0	13.73	0	0	0	0	0	0	0	0	0	0	0	0	13.7	0	0	0	0	0	0	13.7	13.71	0	0	0	0	0	0	0	13.7	0	0	0	0	0	0	0	0	0	0	13.7	0	0	13.71	0	0	13.72	0	0	0	0
13.72	0	0	0	0	0	0	0	0	0	0	0	0	0	0	0	0	0	0	0	0	0	0	0	0	0	0	0	0	0	0	0	0	0	0	0	0	0	0	13.72	0	0	0	0	0	0	13.72	0	0	0	0	0	0	0	0	0	0	0	0	0	0	0	0	0	0	0	0	0	0	0	0	0	0	0	0	0	0
13.8677777777778	0	0	0	0	0	0	0	0	13.87	0	0	0	0	13.88	13.87	13.85	0	13.88	0	0	0	0	0	13.88	0	13.88	0	0	0	0	0	0	0	13.89	0	0	0	0	13.85	0	0	0	0	0	0	13.86	0	0	0	0	0	0	0	0	13.86	13.84	13.87	0	0	0	0	0	0	0	0	13.85	0	0	13.85	0	0	13.88	13.88	0	0	13.88
13.9489473684211	0	13.97	0	0	0	0	0	0	0	13.95	0	0	0	0	0	13.94	0	13.95	0	0	0	0	0	13.95	0	13.96	0	0	0	0	0	0	0	13.95	0	0	0	0	13.95	0	0	13.96	13.94	0	0	13.94	13.94	0	0	0	0	0	0	0	13.94	0	0	0	0	0	0	13.94	0	0	0	13.95	0	0	13.95	0	13.94	13.95	13.96	0	0	0
14.1060655737705	0	0	0	14.11	0	0	0	14.08	14.09	14.11	14.11	14.1	14.09	14.1	14.1	14.11	14.11	14.12	0	14.1	14.09	0	14.1	14.11	14.11	14.12	14.11	0	14.11	14.11	14.1	14.11	14.11	14.12	14.11	14.1	14.11	14.1	14.11	14.1	14.11	14.12	14.11	14.1	14.08	14.12	14.11	14.1	14.1	0	14.11	14.1	14.11	14.09	14.11	14.11	14.1	0	14.11	0	14.11	14.12	14.11	0	14.1	14.12	0	14.1	14.12	14.11	14.11	14.11	14.11	14.09	0	14.11
14.1875	14.18	14.19	0	0	14.19	0	0	0	0	0	0	0	0	0	0	0	0	0	0	0	0	0	0	0	0	0	0	0	0	0	0	0	0	0	0	0	0	0	0	0	0	0	0	0	0	0	0	0	0	0	0	0	0	0	0	14.19	0	0	0	0	0	0	0	0	0	0	0	0	0	0	0	0	0	0	0	0
14.255	0	0	0	0	0	0	0	0	0	0	0	0	0	0	0	0	0	0	0	0	0	0	0	0	0	0	0	0	0	0	0	0	0	0	0	0	0	0	0	0	0	0	0	0	14.26	0	0	0	0	0	0	0	0	0	0	14.25	0	0	0	0	0	0	0	0	0	0	0	0	0	0	0	0	0	0	0	0
14.31	0	0	0	0	0	0	0	0	0	0	0	0	0	0	0	14.3	0	0	0	0	0	0	0	0	0	0	0	0	0	0	0	0	0	0	0	0	0	0	0	0	0	0	0	0	0	0	0	0	0	0	0	0	0	0	0	14.3	0	0	0	0	0	0	0	0	0	14.33	0	0	0	0	0	0	0	0	0	0
14.445	0	0	0	0	0	0	0	0	0	0	0	0	0	0	0	0	0	0	0	0	0	0	0	0	0	0	0	0	0	0	0	0	0	0	0	0	0	0	0	0	0	0	0	0	0	0	0	0	0	0	0	0	0	0	14.45	14.45	0	0	0	0	0	0	14.43	0	0	0	0	0	14.45	0	0	0	0	0	0	0
14.5424242424242	0	0	14.55	14.55	0	0	14.54	14.53	14.53	14.54	14.54	14.54	14.53	14.54	14.54	14.54	14.54	14.56	14.53	14.54	14.53	14.53	14.54	14.56	14.55	14.56	14.54	14.54	14.55	14.54	14.54	14.54	14.55	14.56	14.54	0	14.54	0	14.55	14.54	14.55	14.56	14.53	14.55	14.54	14.55	14.54	14.54	14.54	14.54	14.55	0	14.54	14.53	14.55	14.53	14.54	14.54	14.54	14.53	14.54	14.55	0	14.54	14.54	14.54	0	0	14.54	14.55	14.54	14.56	14.54	14.54	14.55	14.54
14.6225	14.62	14.63	0	0	14.62	0	0	0	0	0	0	0	0	0	0	0	0	0	0	0	0	0	0	0	0	0	0	0	0	0	0	0	0	0	0	0	0	0	0	0	0	0	0	0	0	0	0	0	0	0	0	0	0	0	0	14.62	0	0	0	0	0	0	0	0	0	0	0	0	0	0	0	0	0	0	0	0
14.9355555555556	0	0	0	0	0	0	0	0	0	14.92	0	0	0	0	0	0	0	0	14.93	0	0	0	14.94	0	0	0	0	0	0	0	0	0	0	0	0	0	0	0	14.94	0	0	0	0	0	14.96	14.94	0	0	0	0	0	0	0	0	0	14.91	0	0	0	0	0	14.95	0	0	0	0	0	0	0	0	14.93	0	0	0	0	0
14.9678571428571	0	0	14.98	14.98	0	0	14.96	14.96	14.96	0	14.96	14.96	14.95	14.97	14.97	14.96	14.97	14.99	0	14.96	14.96	0	0	14.98	14.97	14.99	14.97	14.97	14.98	14.97	14.96	14.97	14.96	0	14.97	14.96	14.97	14.96	0	14.97	14.96	14.97	14.96	14.97	0	0	14.96	14.98	14.96	14.96	14.97	0	14.96	0	14.99	14.97	14.96	14.97	14.97	0	0	0	0	14.96	14.97	14.95	0	14.97	14.98	14.97	0	14.98	14.97	14.96	14.97	14.97
15.0083333333333	0	0	0	0	15.01	0	0	0	0	0	0	0	0	0	0	0	0	0	0	0	0	0	0	0	0	0	0	0	0	0	0	0	0	15	0	0	0	0	15.03	0	0	0	0	0	0	0	0	0	0	0	0	0	0	0	0	14.99	0	0	0	0	0	0	0	0	0	15.01	15.01	0	0	0	0	0	0	0	0	0
15.046	15.05	15.06	0	0	0	0	0	0	0	0	0	0	0	0	0	0	0	0	0	0	0	0	0	0	0	0	0	0	0	0	0	0	0	0	0	0	0	0	0	0	0	0	0	0	0	0	0	0	0	0	0	0	0	0	0	15.03	0	0	0	0	0	15.04	0	0	0	0	0	0	15.05	0	0	0	0	0	0	0
15.09	0	0	0	0	0	0	0	0	0	15.08	0	0	0	0	0	15.08	0	0	0	0	0	0	0	0	0	0	0	0	0	0	0	0	0	0	0	0	0	0	0	0	0	15.09	0	0	0	0	15.09	0	0	0	15.08	0	0	0	15.11	15.09	0	0	0	0	0	15.1	0	0	0	15.09	0	0	15.09	0	0	0	0	0	0	0
15.1851282051282	0	0	0	0	0	0	0	0	15.17	15.18	15.19	15.18	0	15.18	0	15.18	15.18	15.2	0	0	0	0	0	15.19	15.18	15.2	15.18	0	15.19	0	0	0	0	15.2	0	0	0	0	15.19	0	15.18	15.2	15.18	15.19	15.18	15.18	15.18	15.18	15.18	15.19	15.19	0	15.18	0	15.19	15.18	15.18	0	0	0	0	15.2	0	0	0	15.18	0	0	15.19	15.18	15.18	15.19	15.18	0	15.19	15.18
15.3211538461538	0	0	0	0	0	0	0	0	0	15.32	0	0	0	0	0	15.32	15.31	15.33	0	0	0	0	0	15.33	0	15.33	0	0	0	0	0	0	0	15.33	0	0	0	0	15.32	0	0	15.34	15.33	15.32	0	15.31	15.31	0	15.33	0	0	0	15.31	0	15.32	15.31	15.31	0	0	0	0	15.32	0	0	0	15.31	0	0	15.32	15.32	15.33	15.32	15.33	0	0	15.32
15.45	0	0	0	0	15.42	0	0	0	0	15.45	0	0	0	15.43	15.44	15.45	15.44	15.46	0	0	0	0	0	15.45	0	15.46	0	0	0	0	0	0	0	15.45	0	0	0	0	15.47	0	0	0	15.44	0	0	15.46	15.46	0	15.44	0	0	0	0	0	15.47	15.45	0	0	0	0	0	15.46	0	0	0	15.46	0	0	15.46	15.44	15.45	15.45	15.45	0	0	15.44
15.6544444444444	0	0	0	0	15.65	0	0	0	0	0	0	0	0	0	0	15.65	0	15.67	0	0	0	0	0	0	0	15.67	0	0	0	0	0	0	0	15.66	0	0	0	0	0	0	0	0	15.64	0	0	0	0	0	0	0	0	0	0	0	0	15.64	0	0	0	0	0	0	0	0	0	0	0	0	0	0	0	15.66	15.65	0	0	0
15.7663636363636	0	0	15.76	15.77	0	0	15.76	15.76	15.74	15.76	15.76	15.77	15.75	15.78	15.77	15.79	15.78	0	15.75	15.74	0	15.74	15.75	15.79	15.76	15.79	15.76	15.75	15.78	15.75	15.76	0	15.77	0	15.76	0	0	15.76	15.79	15.77	15.77	15.77	15.76	15.78	15.77	15.79	0	0	15.75	15.76	15.78	0	15.78	15.76	15.79	15.77	15.77	15.75	15.76	0	0	0	0	15.75	15.78	15.77	0	0	15.79	0	15.77	0	15.77	15.76	15.76	15.77
15.79	0	0	0	0	0	0	0	0	0	0	0	0	0	0	0	0	0	15.79	0	0	0	0	0	0	0	0	0	0	0	0	0	0	0	15.79	0	0	0	0	0	0	0	15.79	0	0	0	0	15.78	15.78	0	0	0	0	0	0	0	0	0	0	0	0	0	15.8	0	0	0	0	15.8	0	0	15.78	0	15.8	0	0	0	0
15.9554545454545	0	0	15.97	15.96	0	0	0	15.96	15.94	15.94	15.96	0	15.95	15.94	15.94	15.95	15.94	15.96	15.94	15.94	0	15.95	15.95	15.95	15.95	15.96	15.95	15.96	0	15.95	0	0	0	15.95	15.96	0	0	0	15.96	15.97	15.96	15.97	15.95	15.96	15.98	15.96	15.96	15.95	15.94	15.96	15.96	0	15.95	0	15.97	15.96	15.96	15.96	15.96	0	0	15.97	0	15.96	15.96	15.96	0	0	15.97	15.95	15.95	15.95	15.94	15.97	15.96	15.95
16.0366666666667	16.04	16.04	0	0	16.03	0	0	0	0	0	0	0	0	0	0	0	0	0	0	0	0	0	0	0	0	0	0	0	0	0	0	0	0	0	0	0	0	0	0	0	0	0	0	0	0	0	0	0	0	0	0	0	0	0	0	0	0	0	0	0	0	0	0	0	0	0	0	0	0	0	0	0	0	0	0	0
16.37	0	0	0	0	16.38	16.35	0	0	0	0	0	0	0	0	0	0	0	0	0	0	0	0	0	0	0	0	0	0	0	0	0	0	0	0	0	0	0	0	0	0	0	0	0	0	0	0	0	0	0	0	0	0	0	0	0	16.38	0	0	0	0	0	0	0	0	0	0	0	0	0	0	0	0	0	0	0	0
16.405	16.4	16.41	0	0	0	0	0	0	0	0	0	0	0	0	0	0	0	0	0	0	0	0	0	0	0	0	0	0	0	0	0	0	0	0	0	0	0	0	0	0	0	0	0	0	0	0	0	0	0	0	0	0	0	0	0	0	0	0	0	0	0	0	0	0	0	0	0	0	0	0	0	0	0	0	0	0
16.6607692307692	0	0	16.67	16.66	0	0	0	0	16.65	0	16.67	0	0	0	16.66	0	16.66	0	0	0	0	16.64	0	0	0	0	0	0	0	0	0	0	0	0	0	0	0	0	0	0	0	0	0	0	0	0	0	0	0	16.66	0	0	0	0	0	16.67	0	0	16.66	0	0	0	0	0	16.67	0	0	0	0	16.66	0	0	0	0	0	16.66
16.8127272727273	0	0	16.8	0	0	16.81	0	0	0	0	0	0	0	0	16.8	0	0	16.81	0	0	0	0	0	16.81	0	16.83	0	0	0	0	0	0	0	16.84	0	0	0	0	0	0	0	0	0	0	0	0	0	0	0	0	0	0	0	0	0	16.81	0	0	0	0	0	0	0	0	0	16.82	16.81	0	0	0	0	16.8	0	0	0	0
16.905	16.87	16.89	0	0	16.87	0	0	0	0	16.91	0	0	0	0	0	16.91	16.93	0	0	0	0	0	0	0	0	0	0	0	0	0	0	0	0	0	0	0	0	0	0	0	0	0	0	0	0	0	0	0	0	0	0	0	0	0	0	16.89	0	0	0	0	0	16.91	0	0	0	16.91	0	0	16.92	0	16.91	0	16.94	0	0	0
16.954	0	0	0	0	0	0	0	0	0	0	0	0	0	0	0	0	16.94	16.95	0	0	0	0	0	0	0	16.96	0	0	0	0	0	0	0	0	0	0	0	0	0	0	0	0	0	0	0	0	0	0	0	0	0	0	0	0	0	0	0	0	0	0	0	0	0	0	0	0	0	0	16.97	0	0	16.95	0	0	0	0
16.9996551724138	0	0	0	0	0	0	0	0	0	17	17	0	0	17	0	17	17.01	17.01	0	0	0	0	0	17	17.01	0	0	0	17	0	0	0	0	0	0	0	0	0	16.99	0	0	0	16.98	17.01	0	16.99	16.99	17	16.99	17	0	0	17	0	17.01	17.01	16.99	17	0	0	0	17	0	0	0	16.99	0	0	17.01	17	16.99	0	17	0	17.01	0
17.035	0	0	0	0	0	0	0	0	0	0	0	0	0	0	0	0	0	0	0	0	0	0	0	0	0	17.04	0	0	0	0	0	0	0	17.04	0	0	0	0	0	0	0	17.03	0	0	0	0	0	0	0	0	17.03	0	0	0	0	0	0	0	0	0	0	0	0	0	0	0	17.04	0	0	0	0	17.03	0	0	0	0
17.1739130434783	0	0	17.2	0	0	0	0	0	0	17.17	0	0	0	0	0	17.17	17.17	17.19	0	0	0	0	0	0	0	0	0	0	0	0	0	0	0	0	0	0	0	0	17.18	0	0	0	17.17	17.18	0	17.16	17.17	0	17.16	0	17.19	0	17.19	0	17.18	17.15	0	0	17.17	0	0	17.17	0	0	0	17.17	0	0	17.17	17.17	17.16	17.18	17.18	0	0	0
17.2025	0	0	0	0	0	0	0	0	0	0	0	0	0	0	0	0	0	0	0	0	0	0	0	0	0	17.21	0	0	0	0	0	0	0	0	0	0	0	0	0	0	0	17.21	0	0	0	0	0	0	0	0	0	0	0	0	0	0	0	0	0	0	0	17.18	0	0	0	0	17.21	0	0	0	0	0	0	0	0	0
17.2503225806452	0	0	17.27	0	17.26	0	0	0	17.23	0	17.25	17.25	0	17.24	17.26	0	17.25	17.27	0	17.24	0	0	0	17.27	17.25	0	17.24	17.25	0	0	0	0	0	0	0	0	0	0	0	17.25	0	0	17.23	17.26	0	0	0	17.25	17.24	17.25	17.26	0	17.23	0	0	0	17.25	17.26	17.26	0	0	0	0	0	0	0	0	0	0	17.25	17.24	17.26	17.25	0	17.25	17.24
17.29	0	0	0	0	17.3	0	0	0	0	0	0	0	0	0	0	0	0	0	0	0	0	0	0	0	0	17.29	0	0	0	0	0	0	0	17.28	0	0	0	0	0	0	0	0	0	0	0	0	0	0	0	0	0	0	0	0	0	0	0	0	0	0	0	0	0	0	0	0	17.29	0	0	0	0	0	0	0	0	0
17.3433333333333	0	0	0	0	17.32	0	0	0	0	17.35	0	0	0	0	0	0	17.34	17.34	0	0	0	0	0	0	0	0	0	0	0	0	0	0	0	0	0	0	0	0	0	0	0	0	0	0	0	0	0	0	17.34	0	0	0	0	0	17.35	17.34	0	0	0	0	0	0	0	0	0	17.34	0	0	17.35	17.35	17.34	0	17.36	0	0	0
17.37	0	17.37	0	0	0	0	0	0	0	0	0	0	0	0	0	17.36	0	0	0	0	0	0	0	0	0	17.37	0	0	0	0	0	0	0	17.38	0	0	0	0	17.36	0	0	0	0	0	0	0	0	0	0	0	0	0	0	0	17.38	0	0	0	0	0	0	17.37	0	0	0	0	0	0	0	0	0	17.37	0	0	0	0
17.4420833333333	0	0	0	0	0	0	0	0	17.43	17.44	0	0	0	17.45	0	17.44	17.46	0	17.44	0	17.44	0	0	0	17.45	0	0	0	0	0	0	0	17.45	0	0	0	0	0	0	0	0	0	0	0	17.43	17.45	17.43	0	17.45	0	0	0	17.44	0	17.4	17.43	0	17.45	17.46	0	0	17.45	0	0	0	17.41	0	0	17.46	0	0	0	17.46	17.44	0	17.45
17.4545454545455	0	0	17.48	17.48	0	0	0	17.44	0	0	17.45	17.45	0	0	17.46	17.46	0	17.47	0	17.45	0	0	17.44	17.46	0	0	17.44	17.45	17.46	17.45	0	0	0	0	17.45	0	0	0	17.45	17.44	17.45	17.47	17.44	17.46	0	0	0	17.46	0	17.45	17.47	0	0	0	17.45	0	17.45	0	0	0	0	0	0	0	17.45	17.45	0	0	0	17.45	17.44	17.47	0	0	17.46	0
17.5	0	0	0	0	0	0	0	0	0	0	0	0	0	0	0	0	0	0	0	0	0	0	0	0	0	17.49	0	0	0	0	0	0	0	17.49	0	0	0	0	0	0	0	0	0	0	0	0	0	0	0	0	0	0	0	0	0	17.52	0	0	0	0	0	0	0	0	0	0	17.5	0	0	0	0	0	0	0	0	0
17.56	0	17.56	0	0	17.56	0	0	0	0	0	0	0	0	0	0	0	0	0	0	0	0	0	0	0	0	0	0	0	0	0	0	0	0	0	0	0	0	0	0	0	0	0	0	0	0	0	0	0	0	0	0	0	0	0	0	0	0	0	0	0	0	0	0	0	0	0	0	0	0	0	0	0	0	0	0	0
17.7012698412698	0	0	17.72	17.72	0	0	17.72	17.69	17.68	17.7	17.7	17.7	17.69	17.7	17.69	17.71	17.69	17.72	17.69	17.68	17.68	17.7	17.69	17.72	17.7	0	17.69	17.7	17.71	17.69	17.7	17.7	17.69	0	17.71	0	17.7	17.71	17.72	17.69	17.7	0	17.68	0	17.7	17.7	17.7	17.71	17.69	17.69	17.73	0	17.7	17.7	17.72	17.71	17.69	17.69	17.7	0	17.71	17.72	0	17.7	17.7	17.7	0	17.7	17.72	17.71	17.7	17.72	17.7	17.7	17.7	17.69
17.74	0	0	0	0	0	0	0	0	0	0	0	0	0	0	0	0	0	0	0	0	0	0	0	0	0	17.74	0	0	0	0	0	0	0	17.74	0	0	0	0	0	0	0	17.75	0	17.73	0	0	0	0	0	0	0	0	0	0	0	17.74	0	0	0	0	0	0	0	0	0	0	17.74	0	0	0	0	0	0	0	0	0
17.81	17.81	17.81	0	0	17.8	0	0	0	0	17.79	0	0	0	0	0	0	0	0	0	0	0	0	0	0	0	0	0	0	0	0	0	0	0	0	0	0	0	0	0	0	0	17.84	0	0	0	0	17.81	0	0	0	0	0	0	0	0	17.81	0	0	0	0	0	0	0	0	0	0	0	0	0	0	0	0	0	0	0	0
17.86	0	0	0	0	0	0	0	0	0	0	0	17.86	17.85	0	0	0	0	0	17.86	17.85	17.86	17.86	17.86	0	0	0	0	0	0	0	0	17.87	17.86	0	0	17.86	0	0	0	0	17.86	0	0	0	0	0	0	0	0	0	0	17.86	17.86	17.85	0	17.83	0	0	17.87	0	0	17.88	17.86	17.87	0	0	0	0	0	0	0	0	17.87	0	0	0
17.8748484848485	0	0	0	17.89	0	0	17.87	0	0	0	17.87	0	0	17.87	17.88	17.87	0	17.89	0	0	0	0	0	17.88	17.87	0	17.87	17.87	17.88	17.87	17.87	0	0	17.9	17.87	0	17.87	17.87	17.87	0	0	17.9	0	17.89	0	0	17.87	17.88	0	0	17.88	0	0	0	17.87	17.86	17.87	0	0	17.87	17.87	0	0	0	17.87	0	0	17.87	17.87	0	17.87	0	0	0	0	0
17.92	0	0	0	0	0	17.92	0	0	0	0	0	0	0	0	0	0	0	0	0	0	0	0	0	0	0	0	0	0	0	0	0	0	0	0	0	0	0	0	0	0	0	0	0	0	0	0	0	0	0	0	0	0	0	0	0	17.93	0	0	0	0	0	0	0	0	0	0	17.91	0	0	0	0	0	0	0	0	0
17.9675	17.97	17.98	0	0	17.96	0	0	0	0	0	0	0	0	0	0	0	0	0	0	0	0	0	0	0	0	0	0	0	0	0	0	0	0	0	0	0	0	0	0	0	0	0	0	0	17.96	0	0	0	0	0	0	0	0	0	0	0	0	0	0	0	0	0	0	0	0	0	0	0	0	0	0	0	0	0	0	0
18.0071428571429	0	0	0	0	0	0	0	0	0	18	0	0	0	0	0	18.01	0	18.01	0	0	0	0	0	0	0	0	0	0	0	0	0	0	0	0	0	0	0	0	0	0	0	0	0	0	0	0	0	0	0	0	0	0	0	0	18.02	18	0	0	0	0	0	0	0	0	0	18	0	0	18.01	0	0	0	0	0	0	0
18.13	0	0	0	0	0	0	0	0	0	0	0	0	0	0	0	18.14	0	0	0	0	0	0	0	0	0	0	0	0	0	0	0	0	0	0	0	0	0	0	0	0	0	0	0	0	0	0	0	0	0	0	0	0	0	0	0	18.12	0	0	0	0	0	0	0	0	0	0	0	0	0	0	0	0	0	0	0	0
18.2857142857143	0	0	0	18.29	0	18.29	0	0	0	0	0	0	0	0	0	0	18.29	0	0	0	0	0	0	0	0	0	0	0	0	0	0	18.26	0	0	18.29	0	0	0	0	0	0	0	0	0	0	0	0	0	0	0	0	0	0	0	0	0	0	0	0	0	0	0	0	0	0	0	0	0	0	0	0	0	18.29	0	18.29	0
18.3298	0	0	18.32	0	0	0	18.33	18.31	18.32	0	18.34	18.33	18.32	18.34	18.35	18.34	0	18.34	0	18.33	18.32	0	18.32	0	18.36	0	18.33	0	18.35	18.32	18.32	18.33	18.33	18.34	18.34	0	18.33	18.33	0	18.32	18.35	18.3	18.31	18.35	18.32	18.34	0	0	0	18.33	18.31	0	18.34	0	0	18.32	18.35	0	0	18.32	18.33	0	0	18.32	18.34	0	18.32	18.34	0	18.3	18.33	18.33	18.34	18.31	18.34	18.34
18.3571428571429	0	0	0	18.36	0	18.37	0	0	0	0	0	0	0	0	0	0	0	0	0	0	0	0	0	0	0	18.37	0	0	0	0	0	0	0	18.35	0	0	0	0	0	0	0	18.32	0	0	0	0	0	0	0	0	18.37	0	0	0	0	18.36	0	0	0	0	0	0	0	0	0	0	0	0	0	0	0	0	0	0	0	0
18.3871428571429	0	0	0	0	0	0	0	0	0	0	0	0	0	0	0	0	0	18.39	0	0	0	0	0	0	0	0	0	0	0	0	0	0	0	18.41	0	0	0	0	0	0	0	18.38	0	18.39	0	0	0	18.37	0	0	0	0	0	0	0	18.38	0	0	0	0	0	0	0	0	0	0	18.39	0	0	0	0	0	0	0	0	0
18.43	0	0	0	0	18.44	0	0	0	0	0	0	0	0	0	0	0	0	0	0	0	0	0	0	18.42	0	0	0	0	0	0	0	0	0	0	0	0	0	0	0	0	0	0	0	0	0	0	0	0	0	0	0	0	0	0	0	0	0	0	0	0	0	0	0	0	0	0	0	0	0	0	0	0	0	0	0	0
18.4666666666667	18.46	18.47	0	0	0	0	0	0	0	0	0	0	0	0	0	18.47	0	0	0	0	0	0	0	0	0	0	0	0	0	0	0	0	0	0	0	0	0	0	0	0	0	0	0	0	0	0	0	0	0	0	0	0	0	0	0	0	0	0	0	0	0	0	0	0	0	0	0	0	0	0	0	0	0	0	0	0
18.578	0	0	0	18.57	0	18.59	0	0	0	0	0	0	0	0	0	18.58	0	0	0	0	0	0	0	18.57	0	0	0	0	0	0	0	0	0	18.58	0	0	0	0	0	0	0	18.59	0	0	0	0	0	0	0	0	18.57	0	0	0	0	18.58	0	0	0	0	0	0	0	0	0	18.57	0	0	18.58	0	0	0	0	0	0	0
18.7464	0	0	0	0	0	0	18.76	0	0	18.75	18.75	0	18.73	0	0	18.76	0	0	18.74	0	0	0	18.74	0	0	0	0	0	0	0	18.74	0	0	0	0	18.73	0	18.74	18.75	0	0	0	18.75	0	18.73	18.75	18.73	0	18.76	18.75	0	0	0	0	0	0	0	0	0	0	0	18.76	0	18.74	0	18.74	0	18.75	18.77	0	18.75	0	0	18.73	18.76	0
18.7966666666667	0	0	18.8	0	0	18.79	0	18.8	0	0	0	0	18.8	0	0	0	0	0	0	0	18.81	0	0	0	0	0	0	0	0	0	0	0	18.81	0	0	18.77	0	0	0	0	0	18.8	0	0	18.8	18.81	0	0	0	0	18.79	0	0	0	0	0	0	18.78	0	0	0	0	0	0	0	18.8	0	0	0	0	0	0	18.78	18.81	0	0
18.8258333333333	0	0	0	18.85	18.85	0	18.83	0	18.81	18.82	18.82	18.82	0	18.83	18.85	18.83	18.83	0	0	18.82	0	18.82	18.82	0	18.84	0	18.82	18.83	18.84	18.83	18.81	18.82	0	0	18.83	18.81	18.83	18.83	18.83	18.82	18.82	0	18.81	0	0	0	18.82	0	18.83	18.81	18.85	0	18.82	0	18.85	18.82	18.82	18.83	18.82	18.82	18.81	0	0	18.82	18.83	0	0	18.82	0	0	18.82	0	18.84	0	18.82	18.82
18.8661538461538	0	0	18.87	0	0	18.86	0	0	0	0	0	0	0	0	0	0	0	18.87	0	0	0	0	0	18.87	0	0	0	0	0	0	0	0	0	0	0	0	0	0	0	0	0	18.86	0	18.86	0	0	0	18.85	0	0	0	0	0	0	0	0	0	0	0	0	0	18.87	0	0	0	18.87	18.88	0	18.87	18.85	0	18.88	0	0	0	0
18.912	18.93	0	0	0	0	0	0	0	0	0	0	0	0	0	0	0	0	0	0	0	0	0	0	0	0	18.9	0	0	0	0	0	0	0	18.9	0	0	0	0	0	0	0	0	0	0	0	0	0	0	0	0	0	0	0	0	0	18.9	0	0	0	0	0	0	0	0	0	18.93	0	0	0	0	0	0	0	0	0	0
18.9716666666667	0	18.95	0	0	0	0	0	0	0	0	0	0	0	0	0	18.98	0	0	0	0	0	0	0	0	0	0	0	0	0	0	0	0	0	0	0	0	0	0	0	0	0	0	0	0	0	0	0	0	0	0	0	0	0	0	18.99	18.97	0	0	0	0	0	0	0	0	0	18.97	0	0	18.97	0	0	0	0	0	0	0
19.0253333333333	0	0	0	0	0	0	0	0	19.02	0	0	19.02	0	19.03	0	0	0	0	0	19.02	0	19.02	0	0	0	0	19.03	0	0	19.03	0	0	19.02	0	0	0	0	0	0	19.03	0	0	0	0	19.05	0	0	0	0	0	0	0	0	0	0	19.02	19.03	0	19.03	0	0	0	0	0	0	0	0	0	19	0	0	0	0	0	0	19.03
19.0654761904762	0	0	0	19.07	0	0	19.07	0	0	19.09	19.05	0	19.05	0	19.04	19.09	19.06	0	19.06	0	0	19.04	19.06	19.07	19.04	0	0	19.07	19.05	0	19.06	0	0	0	19.05	0	0	19.07	19.08	0	19.06	0	19.07	19.08	0	19.08	19.07	19.05	19.08	19.06	0	0	19.04	19.07	19.09	19.05	0	19.08	0	0	0	0	0	19.06	19.06	19.08	19.09	0	19.08	19.07	19.06	0	19.08	19.05	19.07	0
19.091	0	0	19.1	0	0	0	0	0	0	0	19.07	0	0	0	0	0	0	19.11	0	0	0	0	0	0	0	0	0	0	19.08	0	0	0	0	19.09	0	0	0	0	0	0	0	0	0	0	0	0	0	19.07	0	0	19.11	0	0	0	0	19.07	0	0	0	0	0	19.1	0	0	0	0	0	0	0	0	0	19.11	0	0	0	0
19.1425	19.14	19.16	0	0	0	0	0	0	0	0	0	0	0	0	0	0	0	0	0	0	0	0	0	0	0	19.14	0	0	0	0	0	0	0	0	0	0	0	0	0	0	0	19.13	0	0	0	0	0	0	0	0	0	0	0	0	0	0	0	0	0	0	0	0	0	0	0	0	0	0	0	0	0	0	0	0	0	0
19.3101754385965	0	0	19.34	19.33	0	0	0	0	19.31	19.3	19.3	19.32	19.31	19.32	19.34	19.31	19.3	19.34	19.27	19.31	19.3	19.29	19.29	0	19.33	0	19.32	19.3	19.32	19.3	0	0	19.31	19.35	19.3	0	0	0	19.31	19.3	19.31	19.35	19.28	19.34	19.31	19.3	19.3	19.33	19.29	19.28	19.33	0	19.32	0	19.32	19.28	19.32	19.3	19.3	0	0	19.31	0	19.29	19.3	19.29	19.35	0	19.3	19.31	19.29	19.34	19.31	19.29	19.3	19.32
19.3714285714286	0	0	0	0	0	0	0	0	0	0	19.38	0	19.37	0	0	0	0	0	0	0	0	0	0	19.36	0	19.37	0	0	0	0	0	0	0	0	0	0	0	0	0	0	0	0	0	0	0	0	0	0	19.38	19.36	0	0	0	0	0	0	0	0	0	0	0	0	0	0	0	0	0	0	0	0	19.38	0	0	0	0	0
19.4	0	0	0	0	19.41	0	0	0	0	0	0	0	0	0	0	0	0	0	0	0	0	0	0	0	0	0	0	0	0	0	0	0	0	0	0	0	0	0	0	0	0	0	0	0	0	0	0	0	0	19.39	0	0	0	0	0	0	0	0	0	0	0	0	0	0	0	0	0	0	0	0	0	0	0	0	0	0
19.435	19.44	19.43	0	0	0	0	0	0	0	0	0	0	0	0	0	0	0	0	0	0	0	0	0	0	0	0	0	0	0	0	0	0	0	0	0	0	0	0	0	0	0	0	0	0	0	0	0	0	0	0	0	0	0	0	0	0	0	0	0	0	0	0	0	0	0	0	0	0	0	0	0	0	0	0	0	0
19.5942857142857	0	0	0	0	0	19.59	0	0	0	0	0	0	0	0	0	0	0	0	0	0	0	0	0	0	0	19.59	0	0	0	0	0	0	0	19.6	0	0	0	0	0	0	0	19.6	0	19.59	0	0	0	0	0	0	19.59	0	0	0	0	0	0	0	0	0	0	0	0	0	0	0	19.6	0	0	0	0	0	0	0	0	0
19.655	19.66	19.67	0	0	19.65	0	0	0	0	19.64	0	0	0	0	0	0	0	0	0	0	0	0	0	0	0	0	0	0	0	0	0	0	0	0	0	0	0	0	0	0	0	0	0	0	0	0	0	0	0	0	0	0	0	0	0	0	0	0	0	0	0	0	0	0	0	0	0	0	0	0	0	0	0	0	0	0
19.73	0	0	0	0	0	0	0	0	0	0	0	0	0	0	0	19.73	19.74	0	0	0	0	0	0	0	0	0	0	0	0	0	0	0	0	0	0	0	0	0	0	0	0	0	0	0	0	0	0	0	0	0	0	0	0	0	0	0	0	0	0	0	0	0	0	0	0	19.72	0	0	0	0	0	0	0	0	0	0
19.7823529411765	0	0	0	0	0	0	0	0	0	19.78	19.79	0	0	0	0	19.8	0	19.77	19.78	0	0	0	0	0	0	0	0	0	0	0	0	0	0	19.77	0	0	0	0	0	0	0	0	19.78	0	0	19.78	0	0	19.78	19.78	0	0	0	0	0	0	0	19.79	0	0	0	0	0	0	0	19.77	0	0	0	19.78	19.78	19.78	19.81	0	19.78	0
19.8233333333333	0	0	0	0	0	0	0	0	0	0	0	0	0	0	0	0	0	19.81	0	0	0	0	0	0	0	19.82	0	0	0	0	0	0	0	0	0	0	0	0	0	0	0	19.84	0	0	0	0	0	0	0	0	0	0	0	0	0	0	0	0	0	0	0	0	0	0	0	0	0	0	0	0	0	0	0	0	0	0
19.9515	0	0	19.95	0	0	19.94	0	0	19.95	0	19.97	0	0	0	0	19.94	0	19.97	0	0	0	0	0	19.94	19.95	0	0	0	0	0	0	0	0	19.96	0	0	0	0	0	0	0	19.96	19.94	19.94	0	0	0	0	0	0	19.94	0	0	0	0	0	0	19.94	0	0	0	0	0	0	0	0	19.98	0	0	19.94	19.94	19.98	19.94	0	0	19.96
20.0122222222222	20.02	20.02	0	0	20.02	0	0	0	0	0	0	0	0	0	0	20.01	0	0	0	0	0	0	0	0	0	20	0	0	0	0	0	0	0	0	0	0	0	0	0	0	0	0	0	0	0	0	0	0	0	0	0	0	0	0	0	0	0	20.02	0	0	0	0	0	0	0	20	0	0	20.02	0	20	0	0	0	0	0
20.0983333333333	0	0	0	0	0	0	0	0	0	0	0	0	0	20.1	20.08	0	20.08	0	0	0	0	0	0	0	20.1	0	0	0	0	0	0	0	0	0	0	0	0	0	0	0	0	0	20.11	0	0	0	0	0	0	0	0	0	0	0	0	0	0	20.12	0	0	0	0	0	0	0	0	0	0	0	0	0	0	0	0	0	0
20.1509523809524	0	0	0	0	0	0	0	0	0	20.16	0	0	0	0	20.12	20.16	20.11	20.16	0	0	0	0	0	0	0	20.18	0	0	0	0	0	0	0	20.15	0	0	0	0	20.16	0	0	0	0	0	0	20.15	0	0	20.13	0	20.17	0	0	0	20.17	20.14	0	0	0	0	0	20.16	0	0	0	20.15	0	0	20.17	20.15	20.16	20.15	20.15	0	20.12	0
20.43	0	0	0	0	0	0	0	0	0	0	0	0	0	0	0	0	0	0	20.42	0	0	0	0	0	0	0	0	0	0	0	0	0	0	0	0	0	0	0	0	0	0	0	0	0	0	0	0	0	20.44	0	0	0	0	0	0	0	0	0	0	0	0	0	0	0	0	0	0	0	0	0	20.42	0	20.44	0	0	0
20.5257142857143	0	0	0	0	0	0	0	0	0	0	0	0	0	0	0	0	0	0	0	0	0	0	0	0	0	0	0	0	0	0	0	0	0	0	0	0	0	0	0	0	0	0	0	0	0	0	20.53	0	0	0	0	20.53	0	20.51	0	20.5	0	0	0	0	0	20.55	0	0	0	20.52	0	0	20.54	0	0	0	0	0	0	0
20.654375	0	0	20.64	0	0	20.67	0	0	0	0	0	0	0	0	0	0	0	20.65	0	0	0	0	0	20.65	0	20.69	0	0	0	0	0	0	0	20.68	0	0	0	0	0	0	20.64	20.66	0	20.65	0	0	0	20.64	0	0	20.65	0	0	0	0	20.65	0	0	0	0	0	0	0	0	0	0	20.67	0	20.65	0	20.62	20.66	0	0	0	0
20.7166666666667	0	20.73	0	0	20.72	0	0	0	0	0	0	0	0	0	0	0	0	0	0	0	0	0	0	0	0	20.7	0	0	0	0	0	0	0	0	0	0	0	0	0	0	0	0	0	0	0	0	0	0	0	0	0	0	0	0	0	0	0	0	0	0	0	0	0	0	0	0	0	0	0	0	0	0	0	0	0	0
20.9214285714286	0	0	0	20.91	0	20.93	0	0	0	0	0	0	0	0	0	0	0	0	0	0	0	0	0	20.91	0	0	0	0	0	0	0	0	0	20.94	0	0	0	0	0	0	0	20.94	0	20.91	0	0	0	0	0	0	20.91	0	0	0	0	0	0	0	0	0	0	0	0	0	0	0	0	0	0	0	0	0	0	0	0	0
21.0644444444444	0	0	0	0	0	0	0	0	0	21.08	0	0	0	0	0	0	0	0	21.05	0	0	0	0	0	0	0	0	0	0	0	0	0	0	0	0	0	0	0	21.08	0	0	0	0	0	0	21.07	21.05	0	0	0	0	0	0	0	21.08	21.04	0	0	0	0	0	0	0	0	0	21.06	0	0	21.07	0	0	0	0	0	0	0
21.11	0	0	0	0	0	0	0	0	0	0	0	0	0	0	0	21.1	0	0	21.12	0	0	0	0	0	0	0	0	0	0	0	0	0	0	0	0	0	0	0	0	0	0	0	0	0	21.13	0	0	0	0	0	0	0	0	0	0	0	0	0	0	0	0	0	0	0	0	0	0	0	0	0	21.09	0	0	0	0	0
21.1885714285714	0	0	0	0	0	21.2	0	0	0	0	0	0	0	0	0	0	0	0	0	0	0	0	0	0	0	0	0	0	0	0	0	0	0	0	0	0	0	0	0	0	0	0	0	0	0	0	0	21.18	0	0	21.2	0	0	0	0	0	0	21.19	0	0	0	0	0	0	0	21.16	0	0	0	21.19	0	0	21.2	0	0	0
21.22	0	0	21.23	21.21	0	0	0	0	0	21.24	0	0	0	0	21.21	0	0	21.21	0	0	0	0	0	21.22	0	0	0	0	0	0	0	0	0	0	0	0	0	0	0	0	0	21.21	0	21.22	0	0	0	0	0	0	0	0	0	0	0	21.22	0	0	0	0	0	0	0	0	0	21.21	21.22	0	0	0	0	21.24	0	0	0	0
21.2763636363636	21.28	0	0	0	21.27	0	0	0	0	21.29	0	0	0	0	0	21.26	0	0	0	0	0	0	0	0	0	21.27	0	0	0	0	0	0	0	21.25	0	0	0	0	0	0	0	0	0	0	0	0	0	0	0	0	21.3	0	0	0	21.29	21.28	0	0	0	0	0	21.27	0	0	0	21.28	0	0	0	0	0	0	0	0	0	0
21.3083333333333	0	21.3	0	0	0	0	0	0	0	0	0	0	0	0	0	21.3	0	0	0	0	0	0	0	0	0	0	0	0	0	0	0	0	0	0	0	0	0	0	0	0	0	0	0	0	0	0	0	0	0	0	0	0	0	0	21.32	0	0	0	0	0	0	21.31	0	0	0	0	0	0	21.31	0	0	0	21.31	0	0	0
21.3994736842105	0	0	0	0	0	0	0	0	21.37	21.4	21.39	0	21.38	21.4	21.41	21.42	21.41	0	0	21.39	0	21.39	0	21.43	21.41	0	21.39	0	0	21.39	0	0	21.39	0	21.41	0	0	0	21.42	0	21.4	21.34	21.39	0	21.37	21.41	21.41	21.42	21.41	21.39	0	0	21.39	0	0	0	21.4	21.41	21.41	0	0	0	0	0	21.4	21.41	0	0	21.42	21.43	21.4	0	0	21.38	21.4	21.39
21.4533333333333	0	0	21.47	21.44	0	0	0	0	0	0	0	0	0	0	0	0	0	21.46	0	0	0	0	0	0	0	0	0	0	0	0	0	0	0	21.46	0	0	0	0	0	0	0	21.47	0	21.44	0	0	0	0	0	0	21.45	0	0	0	21.45	0	0	0	0	0	0	21.44	0	0	0	0	21.45	0	0	0	0	21.47	21.44	0	0	0
21.5244444444444	0	0	0	0	21.53	0	0	0	21.52	21.54	0	0	0	0	0	0	0	0	0	21.53	0	0	0	0	0	21.5	0	0	0	0	0	0	0	0	0	0	0	0	0	0	0	0	0	0	21.54	21.53	0	0	0	0	0	0	0	0	0	21.53	0	0	0	0	0	0	0	0	0	21.5	0	0	0	0	0	0	0	0	0	0
21.5511111111111	0	21.54	0	0	0	0	0	0	0	0	21.56	0	21.54	21.55	21.56	21.56	21.54	0	0	0	0	0	0	0	21.55	0	0	0	0	0	0	0	0	0	21.56	0	0	0	21.55	0	0	0	21.54	0	0	21.55	0	21.56	21.56	21.55	0	0	21.54	0	21.55	0	21.54	21.57	21.55	0	0	0	0	0	0	21.53	0	0	21.54	21.56	21.55	0	21.58	0	21.56	21.54
21.597	0	0	21.6	0	0	0	0	0	0	0	0	0	0	0	0	0	0	21.58	0	0	0	0	0	21.58	0	21.62	0	0	0	0	0	0	0	21.61	0	0	0	0	0	0	0	21.6	0	21.58	0	0	0	0	0	0	21.59	0	0	0	0	0	0	0	0	0	0	0	0	0	0	0	21.61	0	0	0	0	21.6	0	0	0	0
21.70625	0	0	0	0	0	0	0	0	0	21.71	0	0	0	21.71	0	0	21.7	21.73	0	0	0	21.69	0	0	0	0	0	0	0	21.69	0	0	0	0	21.7	0	0	0	21.7	0	0	0	21.72	0	21.71	21.7	21.69	0	0	0	21.73	0	21.71	0	21.73	21.71	21.71	21.72	21.7	0	0	21.71	0	0	21.69	21.7	0	0	21.7	0	0	0	0	21.69	0	0
21.7372727272727	0	0	0	0	0	0	0	0	0	21.74	0	0	0	0	0	21.74	0	0	0	0	0	0	0	0	21.75	0	0	0	0	0	0	0	21.74	0	0	0	0	0	0	0	0	0	0	0	0	0	0	0	0	0	0	0	21.73	0	0	21.74	0	0	0	0	0	0	0	0	21.7	0	0	0	0	0	0	21.75	21.76	21.71	0	21.75
21.7555555555556	0	0	21.76	21.74	0	0	0	21.75	21.74	0	21.77	0	21.74	21.77	21.76	0	0	21.77	0	21.75	0	0	21.75	21.76	0	0	21.76	0	0	0	21.77	0	0	0	0	0	0	0	0	0	21.75	21.78	21.76	21.75	0	0	0	21.74	21.77	21.76	21.76	0	0	0	0	0	21.74	21.78	0	0	0	0	0	0	0	0	0	0	0	21.74	21.74	0	0	21.74	0	0
21.78625	0	0	0	21.79	0	0	0	21.77	0	0	0	0	0	0	0	0	0	0	0	0	0	0	0	21.78	0	21.8	0	0	0	0	0	0	0	0	0	0	0	0	0	0	0	0	0	0	0	0	0	21.78	0	0	0	0	0	0	0	0	0	0	0	0	0	0	0	0	0	21.79	0	0	0	0	0	0	21.79	0	21.79	0
21.8285714285714	0	0	0	0	0	0	0	0	0	0	0	0	0	0	0	0	0	0	0	0	0	0	0	0	0	21.85	0	0	0	0	0	0	0	21.82	0	0	0	0	0	0	0	21.82	0	0	0	0	0	0	0	0	0	0	0	0	21.84	0	0	0	0	0	0	0	0	0	0	0	21.82	0	21.82	0	0	21.83	0	0	0	0
21.8533333333333	0	0	0	0	21.86	0	0	0	0	0	0	0	0	0	0	0	0	0	0	0	0	0	0	0	0	0	0	0	0	0	0	0	0	0	0	0	0	0	0	0	0	0	0	0	0	0	0	0	0	0	0	0	0	0	0	21.86	0	0	0	0	0	0	0	0	0	0	0	0	21.84	0	0	0	0	0	0	0
21.898	0	21.9	0	0	21.88	0	0	0	0	0	0	0	0	0	0	0	0	0	21.9	0	21.91	0	0	0	0	0	0	0	0	0	21.9	0	0	0	0	0	0	0	0	0	0	0	0	0	0	0	0	0	0	0	0	0	0	0	0	0	0	0	0	0	0	0	0	0	0	0	0	0	0	0	0	0	0	0	0	0
21.9373913043478	0	0	0	0	0	0	0	0	21.92	21.93	21.93	21.93	21.93	21.94	21.95	21.95	21.93	0	0	21.92	0	21.94	21.92	0	21.95	0	21.94	21.93	21.95	21.95	21.93	0	21.94	0	21.95	0	0	0	21.95	21.94	21.95	0	21.93	0	0	21.93	21.92	21.96	21.92	21.93	0	0	21.93	0	21.95	21.94	21.94	21.95	21.95	0	0	21.93	0	21.93	21.93	21.92	0	0	21.92	21.96	21.94	0	21.95	21.94	21.95	21.93
21.9776923076923	0	0	21.98	21.98	0	0	0	0	0	21.94	0	0	0	0	0	0	0	21.97	0	0	0	0	0	21.97	0	0	0	0	0	0	0	0	0	22	0	0	0	0	0	0	0	21.99	0	21.99	0	0	0	0	0	21.98	21.97	0	0	0	0	0	0	0	0	0	0	21.95	0	0	0	0	22	0	0	0	0	21.99	0	0	0	0
22.049512195122	0	0	0	0	22.05	0	22.06	22.03	22.03	22.06	22.06	22.03	22.04	22.06	22.06	22.07	22.05	0	22.06	22.03	22.03	0	22.05	0	22.06	22.04	22.03	0	0	22.05	0	0	0	0	22.05	0	0	0	22.07	22.04	0	22.01	0	0	22.06	22.04	0	0	22.07	22.06	0	0	22.04	0	0	22.04	22.06	0	22.06	0	0	22.05	0	22.05	22.05	22.04	0	0	22.07	0	0	22.06	0	22.04	22.07	22.05
22.0713636363636	0	22.08	0	0	22.08	0	0	22.05	0	0	0	22.06	0	0	0	0	0	0	0	0	0	22.06	0	22.08	0	0	22.04	22.07	0	0	22.06	0	0	0	22.07	0	0	0	0	0	22.06	0	22.05	22.09	0	22.07	0	22.07	0	0	22.09	0	0	0	22.09	0	0	22.08	0	0	0	0	0	0	0	0	0	0	22.09	22.08	22.06	0	22.09	0	0	0
22.11	0	0	22.12	22.1	0	0	0	0	0	0	0	0	0	0	0	0	0	22.09	0	0	0	0	0	0	0	0	0	0	0	0	0	0	0	22.12	0	0	0	0	0	0	0	22.12	0	0	0	0	0	0	0	0	0	0	0	0	0	0	0	0	0	0	0	0	0	0	0	0	22.1	0	0	0	0	22.12	0	0	0	0
22.1733333333333	0	22.19	0	0	22.18	0	0	0	0	0	0	0	0	0	0	0	0	0	0	0	0	0	0	0	0	22.15	0	0	0	0	0	0	0	0	0	0	0	0	0	0	0	0	0	0	0	0	0	0	0	0	0	0	0	0	0	0	0	0	0	0	0	0	0	0	0	0	0	0	0	0	0	0	0	0	0	0
22.2425	0	0	0	0	0	0	0	0	0	0	0	0	0	0	0	22.25	0	0	0	0	0	0	0	0	0	0	0	0	0	0	0	0	0	0	0	0	0	0	0	0	0	0	0	0	0	22.26	0	0	0	0	0	0	0	0	0	0	0	0	0	0	0	0	0	0	0	22.23	0	0	0	0	22.23	0	0	0	0	0
22.28	0	0	0	0	0	0	0	0	0	0	0	0	0	0	0	22.28	0	0	0	0	0	0	0	0	0	0	0	0	0	0	0	0	0	0	0	0	0	0	0	0	0	0	0	0	0	0	0	0	0	0	0	0	0	0	0	0	0	0	0	0	0	0	0	0	0	0	0	0	22.28	0	0	0	0	0	0	0
22.34875	0	0	0	0	0	0	0	22.33	22.33	22.37	0	22.34	0	22.35	0	0	0	0	0	22.33	22.32	0	22.34	0	0	0	22.34	22.35	0	0	22.35	0	22.37	0	0	0	0	0	0	22.34	0	0	22.35	0	22.35	22.37	0	0	0	22.35	0	0	0	0	0	22.35	22.35	22.36	0	0	0	0	0	22.36	0	0	0	0	22.37	0	0	0	0	0	22.35	22.35
22.377	0	0	0	0	0	0	0	0	0	22.4	22.36	0	0	0	22.37	22.38	22.38	0	0	0	0	22.37	0	22.37	22.38	0	0	0	22.38	22.37	0	0	22.4	0	0	0	0	22.36	22.38	0	22.37	0	0	0	0	0	22.36	22.36	22.37	0	0	0	22.36	0	22.39	0	22.36	22.4	22.4	0	0	22.38	0	22.38	22.38	22.37	0	0	0	0	22.38	0	22.4	22.38	22.37	0
22.3991666666667	0	0	0	0	0	0	0	0	0	0	22.37	0	0	0	0	0	0	0	0	22.42	0	0	0	22.4	0	0	0	0	0	22.39	0	0	0	0	0	0	0	22.42	0	0	22.4	0	0	0	0	0	0	22.38	0	0	22.41	0	22.37	0	0	0	0	0	0	0	0	0	0	0	0	0	0	0	0	0	22.4	0	22.41	22.42	0	0
22.4192857142857	0	0	0	0	0	0	0	0	22.41	0	0	22.42	0	0	0	0	0	22.41	0	0	22.43	22.41	0	0	0	0	0	0	22.44	0	0	0	0	22.42	22.41	0	0	0	0	0	0	0	0	0	22.43	0	0	0	0	0	0	0	22.39	0	0	0	0	0	22.44	0	0	0	0	0	22.42	0	0	0	0	22.41	0	22.43	0	0	0	0
22.453	0	0	22.46	22.47	0	0	22.48	22.43	22.44	22.47	22.46	0	22.44	0	22.44	0	22.47	0	22.45	0	22.45	0	22.45	0	22.46	22.48	22.43	22.46	22.46	22.44	22.45	0	22.45	0	22.44	0	0	22.47	22.45	22.45	22.46	22.43	0	22.43	0	0	22.45	22.47	0	22.46	0	0	0	0	22.44	22.47	22.45	0	0	0	0	22.46	0	22.46	22.44	22.47	0	0	0	22.43	0	0	0	0	0	22.45
22.4884210526316	22.48	22.5	0	0	22.49	0	0	0	0	0	0	0	0	0	22.47	22.49	0	0	0	0	0	0	0	22.48	0	0	0	0	0	0	0	0	0	0	0	0	0	0	22.48	0	0	0	22.47	22.46	0	0	0	0	22.49	0	22.51	0	0	0	22.51	22.49	0	22.49	0	0	0	0	0	0	0	0	22.49	0	22.49	0	22.48	0	22.51	0	22.5	0
22.5166666666667	0	0	0	0	22.51	0	0	0	0	0	0	0	0	0	0	0	0	22.51	0	0	0	0	0	0	0	22.54	0	0	0	0	0	0	0	22.52	0	0	0	0	0	0	0	0	0	22.49	0	0	0	0	0	0	0	0	0	0	0	0	0	0	0	0	0	0	0	0	0	0	0	0	0	0	0	22.53	0	0	0	0
22.572	22.57	22.59	0	0	22.59	0	0	0	0	0	0	0	0	0	0	0	0	0	0	0	0	0	0	0	0	0	0	0	0	0	0	0	0	0	0	0	0	0	0	0	0	22.55	0	0	0	0	0	0	0	0	0	0	0	0	0	0	0	0	0	0	0	0	0	0	0	22.56	0	0	0	0	0	0	0	0	0	0
22.68	0	0	0	0	0	0	0	0	0	0	0	0	0	0	0	22.67	0	0	0	0	0	0	0	0	0	0	0	0	0	0	0	0	0	0	0	0	0	0	0	0	0	0	0	0	0	0	0	0	0	0	0	0	0	0	0	0	0	0	0	0	0	0	0	0	0	22.69	0	0	0	0	0	0	0	0	0	0
22.8	0	0	0	0	0	0	0	0	0	0	0	22.82	0	0	0	22.79	0	0	0	0	0	0	0	0	0	0	0	0	0	0	0	0	0	0	0	0	0	0	0	0	0	0	0	0	0	0	0	0	0	0	0	0	0	0	0	0	0	0	0	0	0	0	0	0	0	22.78	0	0	0	0	22.79	0	22.82	0	0	0
22.8455555555556	0	0	0	0	0	0	0	0	0	0	0	0	0	0	0	0	0	0	0	0	0	0	0	0	0	22.87	0	0	0	0	0	0	0	0	0	22.83	22.85	0	0	0	0	0	0	0	0	0	0	0	0	0	22.84	22.84	0	0	0	0	0	0	0	22.84	0	0	22.84	22.86	0	0	0	22.84	0	0	0	0	0	0	0	0
22.96	22.96	22.96	0	0	0	0	0	0	0	0	0	0	0	0	0	0	0	0	0	0	0	0	0	0	0	0	0	0	0	0	0	0	0	0	0	0	0	0	0	0	0	0	0	0	0	0	0	0	0	0	0	0	0	0	0	0	0	0	0	0	0	0	0	0	0	0	0	0	0	0	0	0	0	0	0	0
23.11	0	0	0	0	0	0	0	23.1	23.11	0	0	23.12	0	0	0	0	0	0	0	0	23.1	0	23.12	0	0	0	23.11	0	0	0	23.1	23.11	23.11	0	0	0	0	23.12	23.1	23.1	0	0	23.12	0	0	23.12	0	0	0	0	0	23.1	0	0	0	23.09	0	0	0	23.11	23.11	0	0	0	0	0	0	0	0	0	0	0	0	23.12	0	23.13
23.1476923076923	0	0	0	0	0	23.17	23.14	0	0	23.14	23.15	0	23.13	23.15	23.17	23.13	23.16	0	0	23.13	0	0	0	0	0	0	0	23.14	23.14	23.14	0	0	0	0	0	0	23.13	0	0	0	23.15	0	0	0	0	0	0	23.18	23.15	23.16	0	0	23.13	0	0	23.16	23.13	0	0	0	0	0	0	23.15	23.17	0	0	23.13	0	0	23.15	0	0	0	23.16	0
23.2130555555556	0	0	0	23.19	0	0	0	23.21	23.21	23.23	0	0	23.22	0	0	0	0	23.21	23.2	23.23	23.19	23.19	23.23	23.23	23.2	0	23.22	23.22	0	0	23.2	23.22	0	0	23.21	23.2	23.23	23.22	0	0	23.23	23.22	23.2	0	23.19	0	0	0	0	23.24	23.2	0	0	0	0	23.24	23.23	23.21	23.2	23.2	23.2	0	0	0	0	0	0	23.22	0	0	0	0	23.19	0	0	23.24
23.2594117647059	23.28	0	0	0	23.25	23.27	23.25	0	0	0	23.27	0	0	0	0	0	0	0	0	0	0	0	0	0	0	0	0	0	0	0	0	0	0	23.25	0	0	0	0	0	0	0	0	0	23.27	0	0	0	23.26	23.25	0	0	0	0	0	0	23.27	0	0	0	0	0	0	0	23.25	0	0	23.26	0	0	23.24	23.24	23.28	23.26	0	23.26	0
23.305	0	23.28	23.31	0	23.28	0	0	0	0	0	0	0	0	0	0	0	0	0	0	0	0	0	0	0	0	23.33	0	0	0	0	0	0	0	0	0	0	0	0	0	0	0	23.32	0	0	0	0	0	0	0	0	0	0	0	0	0	0	0	23.31	0	0	0	0	0	0	0	0	0	0	0	0	0	0	0	0	0	0
23.37	0	23.37	0	0	23.37	0	0	0	0	0	0	0	0	0	0	0	0	0	0	0	0	0	0	0	0	0	0	0	0	0	0	0	0	0	0	0	0	0	0	0	0	0	0	0	0	0	0	0	0	0	0	0	0	0	0	0	0	0	0	0	0	0	0	0	0	0	0	0	0	0	0	0	0	0	0	0
23.4630434782609	0	0	0	0	0	0	0	23.46	0	0	0	23.46	23.47	0	0	23.45	0	0	0	23.47	0	0	23.47	0	0	0	23.47	0	0	0	23.46	0	23.46	0	0	23.47	0	0	0	23.46	0	0	0	0	23.46	0	23.46	0	0	0	0	23.45	0	23.44	0	23.45	23.47	0	23.49	23.47	23.47	23.48	0	0	0	23.44	0	0	0	0	0	0	0	23.47	0	0
23.4928571428571	0	0	0	0	0	0	23.48	0	0	0	0	0	0	23.48	23.5	23.48	0	0	0	0	0	0	0	23.52	0	0	0	0	23.49	0	0	0	0	0	23.5	0	0	23.48	0	0	23.49	0	0	0	0	0	0	23.5	0	0	23.52	0	0	0	23.49	0	0	0	0	0	0	0	0	0	23.49	0	0	23.48	0	0	0	0	0	0	0	0
23.538	0	0	0	23.54	0	23.53	0	0	0	0	0	0	0	0	0	0	0	0	0	0	0	0	0	0	0	0	0	0	0	0	0	0	0	23.54	0	0	0	0	0	0	0	23.54	0	23.54	0	0	0	0	0	0	0	0	0	0	0	0	0	0	0	0	0	0	0	0	0	0	0	0	0	0	0	0	0	0	0	0
23.6570967741935	23.62	0	0	0	0	0	23.67	23.65	23.65	23.67	0	23.65	23.67	0	0	23.67	0	0	23.63	23.66	0	0	23.66	0	0	0	0	0	0	0	23.65	0	23.65	0	0	23.65	23.66	23.68	23.66	23.65	0	0	0	0	23.64	23.65	23.64	0	23.68	0	0	0	23.67	0	23.67	0	23.67	0	0	0	0	23.66	0	23.68	0	23.63	0	0	23.64	0	0	0	0	23.67	23.67	0
23.6838461538462	0	0	0	0	0	0	0	0	0	0	23.68	23.68	0	0	0	0	0	23.7	0	0	0	0	0	0	0	0	0	23.68	0	0	0	0	0	0	0	0	0	0	0	0	23.67	0	23.66	0	0	0	0	0	0	23.68	23.7	0	0	0	0	0	0	23.71	23.69	0	0	0	0	0	23.67	0	0	0	0	0	23.68	0	23.69	0	0	0
23.736	0	0	0	23.72	0	0	0	23.74	0	0	0	0	0	0	0	0	0	0	0	23.75	23.74	0	0	23.71	0	0	23.74	0	0	0	0	0	23.76	0	0	0	23.73	0	0	0	0	23.72	0	23.74	23.75	0	0	0	0	0	0	0	23.75	0	0	0	0	0	0	0	0	0	0	0	0	0	23.74	0	0	23.71	0	23.74	0	0	0	0
23.7748717948718	0	0	23.77	0	23.8	0	23.77	0	23.77	0	23.79	23.76	23.77	23.77	23.77	0	23.79	0	0	0	23.75	23.8	23.78	0	23.8	23.79	23.77	23.76	23.79	23.78	23.75	23.77	0	0	0	0	0	23.78	0	23.75	23.76	0	23.76	0	0	0	0	0	23.79	23.75	0	0	0	0	23.79	0	23.78	0	0	23.78	0	0	0	23.78	23.79	23.75	0	23.77	0	0	23.78	0	23.79	23.78	23.77	23.77
23.812	23.81	0	0	0	0	0	0	0	0	23.81	0	0	0	0	0	23.83	0	23.82	0	0	0	0	0	23.83	0	0	0	0	0	0	0	0	0	0	23.82	0	0	0	0	0	23.78	0	0	0	0	23.83	23.81	23.8	0	23.78	23.83	0	0	0	0	0	0	23.82	23.81	0	0	0	0	0	0	0	0	0	0	0	0	0	23.8	0	0	0
23.8492857142857	0	0	0	23.84	0	0	0	0	0	0	0	0	0	0	0	23.84	0	23.84	0	0	0	0	0	0	0	0	0	0	0	0	0	0	0	23.85	0	0	0	0	23.84	0	0	23.83	0	23.86	0	0	0	0	0	0	23.84	0	0	0	23.86	0	0	0	0	0	0	23.86	0	0	0	23.86	23.86	0	0	23.84	0	23.87	0	0	0	0
23.8990909090909	23.91	0	23.89	0	23.91	0	0	0	0	23.9	0	0	0	0	0	23.89	0	0	0	0	0	0	0	0	0	23.91	0	0	0	0	0	0	0	0	0	0	0	0	0	0	0	23.9	0	0	0	0	0	0	0	0	0	0	0	0	23.88	23.89	0	0	0	0	0	0	0	0	0	23.89	0	0	23.92	0	0	0	0	0	0	0
23.936	23.92	23.94	0	0	0	0	0	0	0	0	0	0	0	0	0	23.95	0	0	0	0	0	0	0	0	0	0	0	0	0	0	0	0	0	0	0	0	0	0	0	0	0	0	0	0	0	0	0	0	0	0	0	0	0	0	23.95	23.92	0	0	0	0	0	0	0	0	0	0	0	0	0	0	0	0	0	0	0	0
24.0448275862069	0	0	0	0	0	0	0	24.03	24.04	24.07	0	24.04	24.05	24.05	0	0	0	0	24.04	24.04	24.03	0	24.04	0	0	0	24.05	0	0	0	24.04	24.05	24.04	0	0	24.05	0	0	0	24.04	0	0	24.05	0	24.04	24.05	0	0	0	0	0	0	24.05	0	0	24.02	0	0	0	24.04	24.05	24.07	0	24.06	0	24.04	0	24.05	0	0	0	0	0	24.03	0	24.05
24.0688888888889	0	0	0	0	0	0	24.07	0	0	0	24.08	0	0	0	24.07	24.06	24.07	0	0	0	0	24.07	0	0	24.08	0	0	24.06	24.07	24.06	0	0	0	0	24.08	0	24.06	24.06	24.06	0	24.07	0	0	0	0	0	24.06	24.08	24.09	24.07	0	0	0	0	24.07	24.04	24.06	0	24.09	0	0	0	0	0	24.06	0	0	0	24.07	0	24.07	0	0	0	24.08	0
24.1209090909091	0	0	0	24.11	0	0	0	0	0	0	0	0	0	0	0	0	0	24.11	0	0	0	0	0	24.11	0	0	0	0	0	0	0	0	0	24.13	0	0	0	0	0	0	0	24.14	0	24.13	0	0	0	0	0	0	24.12	0	0	0	0	0	0	24.12	0	0	0	0	0	0	0	0	24.14	0	0	24.11	0	0	24.11	0	0	0
24.16	0	0	24.16	0	0	0	0	0	0	0	0	0	0	0	0	0	0	0	0	0	0	0	0	0	0	0	0	0	0	0	0	0	0	0	0	0	0	0	0	0	0	0	0	0	0	0	0	0	0	0	0	0	0	0	0	0	0	0	0	0	0	0	0	0	0	0	0	0	0	0	0	24.16	0	0	0	0
24.2075	24.2	24.21	0	0	24.2	0	0	0	0	0	0	0	0	0	0	0	0	0	0	0	0	0	0	0	0	24.22	0	0	0	0	0	0	0	0	0	0	0	0	0	0	0	0	0	0	0	0	0	0	0	0	0	0	0	0	0	0	0	0	0	0	0	0	0	0	0	0	0	0	0	0	0	0	0	0	0	0
24.36	0	0	0	0	0	0	0	24.36	0	0	0	24.36	0	0	0	0	0	0	0	0	24.36	0	0	0	0	0	0	0	0	0	0	0	24.36	0	0	0	0	0	0	24.36	0	0	0	0	24.36	24.38	24.35	0	0	0	0	24.35	0	0	0	24.33	0	0	0	24.36	0	24.38	0	0	0	24.35	0	0	24.36	0	0	0	0	0	0	24.38
24.39	0	0	0	0	0	0	24.41	24.41	24.37	24.39	24.4	0	24.4	24.39	24.39	24.38	24.39	0	24.38	24.38	0	24.4	24.39	0	24.41	0	24.37	24.4	24.39	24.37	24.38	24.4	24.38	0	24.41	24.39	24.38	24.38	24.38	0	24.38	0	24.38	0	0	0	0	24.41	24.4	24.4	0	0	24.37	0	24.38	0	24.39	0	24.41	0	24.37	0	0	24.39	24.4	0	0	24.39	0	0	24.4	0	0	24.37	24.41	0
24.4366666666667	0	0	0	24.43	0	24.46	0	0	0	24.42	24.43	0	0	0	0	0	0	24.43	0	0	0	0	0	24.44	0	0	0	0	0	0	0	0	0	0	0	0	0	0	0	0	0	0	0	0	0	0	0	0	0	0	24.45	0	0	0	0	24.46	0	24.43	0	0	0	0	0	0	0	0	0	0	0	24.44	24.42	0	24.43	0	0	0
24.4733333333333	0	0	24.48	0	0	0	0	0	0	0	0	0	0	0	0	0	0	0	0	0	0	0	0	0	0	0	0	0	0	0	0	0	0	24.47	0	0	0	0	0	0	0	24.47	0	24.47	0	0	0	0	0	0	0	0	0	0	0	0	0	0	0	0	0	0	0	0	0	0	24.47	0	0	0	0	24.48	0	0	0	0
24.5366666666667	24.52	24.54	0	0	24.54	0	0	0	0	0	24.55	0	0	0	0	0	0	0	0	0	0	0	0	0	0	24.55	0	0	0	0	0	0	0	0	0	0	0	0	0	0	0	0	0	0	0	0	0	0	0	0	0	0	0	0	0	24.52	0	0	0	0	0	0	0	0	0	0	0	0	0	0	0	0	0	0	0	0
24.59	0	0	0	0	0	0	0	0	0	0	24.58	0	0	0	0	0	0	0	0	0	0	0	0	0	0	0	0	0	0	0	0	0	0	0	0	0	0	0	0	0	0	0	0	0	0	0	0	0	0	0	0	0	0	0	0	0	0	0	0	0	0	0	0	0	0	24.6	0	0	0	0	0	0	0	0	0	0
24.6502857142857	0	0	0	0	0	0	0	0	24.63	24.66	24.67	0	0	24.63	24.65	24.67	24.66	0	24.63	24.65	0	0	24.65	24.68	24.68	0	0	24.66	0	24.65	24.65	0	24.64	0	0	0	0	0	24.63	0	24.65	0	24.64	0	0	24.63	0	0	24.67	24.66	0	0	24.64	0	24.63	24.63	24.64	0	0	0	0	24.64	0	24.66	24.67	24.65	0	0	24.63	0	24.66	0	0	24.65	24.67	24.65
24.6775	0	0	0	0	0	0	0	0	0	0	0	0	0	0	0	0	0	24.67	0	0	0	24.67	0	0	0	0	0	0	0	0	0	0	0	0	24.67	0	0	0	0	0	0	0	0	0	0	0	0	24.68	0	0	0	0	0	0	0	0	0	24.69	24.69	0	0	0	0	0	0	0	0	0	24.65	0	0	0	24.7	0	0	0
24.715	0	0	0	24.71	0	0	0	0	0	0	0	0	0	0	0	0	0	0	0	0	0	0	0	0	0	0	0	0	0	0	0	0	0	24.71	0	0	0	0	0	0	0	24.73	0	24.7	0	0	0	0	0	0	24.71	0	0	0	0	24.73	0	0	0	0	0	0	0	0	0	24.7	24.73	0	0	24.7	0	24.73	0	0	0	0
24.735	0	0	24.75	0	0	0	0	0	0	0	0	0	0	0	0	0	0	0	0	0	0	0	0	0	0	0	0	0	0	0	0	0	0	0	0	0	0	0	0	0	0	0	0	24.72	0	0	0	0	0	0	0	0	0	0	0	0	0	0	0	0	0	0	0	0	0	0	0	0	0	0	0	0	0	0	0	0
24.7966666666667	0	24.81	0	0	24.79	0	0	0	0	0	0	0	0	0	0	0	0	0	0	0	0	0	0	0	0	24.79	0	0	0	0	0	0	0	0	0	0	0	0	0	0	0	0	0	0	0	0	0	0	0	0	0	0	0	0	0	0	0	0	0	0	0	0	0	0	0	0	0	0	0	0	0	0	0	0	0	0
24.953	0	0	0	0	0	0	0	0	0	24.97	24.96	0	0	0	0	24.96	24.95	0	24.93	0	0	0	0	0	0	0	0	0	0	0	0	0	0	0	0	0	0	0	0	0	0	0	24.96	0	0	0	0	0	24.98	0	0	0	24.93	0	0	0	0	0	24.94	0	0	0	0	0	0	0	0	0	0	0	0	0	0	0	0	24.95
24.9936363636364	0	0	0	0	0	0	0	0	0	0	0	0	0	0	0	0	0	24.99	0	0	0	0	0	0	0	0	0	0	0	0	0	0	0	0	0	0	0	0	0	0	0	25	0	0	0	0	0	0	0	24.98	24.99	0	0	0	0	0	0	25	0	0	0	0	0	0	0	0	25.02	0	0	25	24.97	25	25	0	24.98	0
25.0233333333333	0	0	25.03	0	0	0	0	0	0	0	0	0	0	0	0	0	0	0	0	0	0	0	0	0	0	0	0	0	0	0	0	0	0	25.01	0	0	0	0	0	0	0	0	0	0	0	0	0	0	0	0	0	0	0	0	0	0	0	0	0	0	0	0	0	0	0	0	0	0	0	0	0	25.03	0	0	0	0
25.065	0	0	0	0	0	0	0	0	0	0	0	0	0	0	0	0	0	0	0	0	0	0	0	0	0	25.06	0	0	0	0	0	0	0	0	0	0	0	0	0	0	0	0	0	0	0	0	0	0	0	0	0	0	0	0	0	25.07	0	0	0	0	0	0	0	0	0	0	0	0	0	0	0	0	0	0	0	0
25.1215384615385	0	0	0	0	25.1	0	0	0	0	0	0	0	0	0	0	0	0	0	0	0	25.12	0	0	0	0	0	25.13	0	0	0	0	0	25.13	0	0	0	0	0	25.13	25.13	0	0	0	0	0	0	25.11	0	0	0	0	0	25.13	25.11	25.13	25.12	0	0	0	0	0	0	0	0	0	25.11	0	0	25.13	0	0	0	0	0	0	0
25.2026315789474	0	0	0	25.22	0	0	25.21	0	0	25.18	25.21	0	25.19	0	0	0	0	25.2	25.22	0	0	25.18	0	25.19	25.19	0	0	0	0	0	0	0	0	0	25.2	0	0	0	0	0	0	0	0	0	0	0	0	0	25.19	25.19	25.22	0	0	0	0	25.19	0	25.23	0	0	0	0	0	0	0	0	0	0	0	25.22	0	0	25.21	0	25.21	0
25.2325	0	0	0	25.23	0	25.25	0	0	0	0	25.24	0	0	0	0	0	0	0	0	0	0	0	0	0	0	0	0	0	0	0	0	0	0	0	0	0	0	0	0	0	0	0	0	0	0	0	0	0	0	0	0	0	0	0	0	25.21	0	0	0	0	0	0	0	0	0	0	0	0	0	0	0	0	0	0	0	0
25.2614285714286	0	0	25.28	0	0	0	0	0	0	0	0	0	0	0	0	0	0	0	0	0	0	0	0	0	0	0	0	0	0	0	0	0	0	25.25	0	0	0	0	0	0	0	25.25	0	25.27	0	0	0	0	0	0	0	0	0	0	0	25.26	0	0	0	0	0	0	0	0	0	0	25.26	0	0	0	0	25.26	0	0	0	0
25.306	25.29	25.31	0	0	25.32	0	0	0	0	0	0	0	0	0	0	0	0	0	0	0	0	0	0	0	0	25.33	0	0	0	0	0	0	0	0	0	0	0	0	0	0	0	0	0	0	0	0	0	0	0	0	0	0	0	0	0	0	0	0	0	0	0	0	0	0	0	0	0	0	0	0	0	25.28	0	0	0	0
25.3966666666667	0	0	0	0	0	0	0	0	0	0	0	0	0	0	0	25.41	0	0	0	0	0	0	0	0	0	0	0	0	0	0	0	0	0	0	0	0	0	0	0	0	0	0	25.41	0	0	25.39	0	0	0	0	0	0	0	0	0	25.39	0	0	0	0	0	0	0	0	0	25.38	0	0	25.4	0	0	0	0	0	0	0
25.448	0	0	0	0	0	0	0	0	0	25.43	0	0	0	0	0	0	0	25.45	0	0	0	0	0	0	0	0	0	0	0	0	0	0	0	0	0	0	0	0	0	0	0	0	0	0	0	0	0	0	0	0	0	0	0	0	0	0	0	0	0	0	0	0	0	0	0	0	0	0	0	25.46	25.44	0	25.46	0	0	0
25.6333333333333	0	0	0	25.65	0	0	0	0	0	0	0	0	0	0	0	0	0	0	0	0	0	0	0	0	0	0	0	0	0	0	0	0	0	0	0	0	0	0	0	0	0	25.64	0	0	0	0	0	0	0	0	0	0	0	0	0	0	0	0	0	0	25.61	0	0	0	0	0	0	0	0	0	0	0	0	0	0	0
25.7475	0	0	0	0	0	0	0	0	0	25.75	25.76	0	0	0	0	25.74	0	0	0	0	0	0	0	0	0	0	0	0	0	0	0	0	0	0	0	0	0	0	0	0	0	0	25.73	0	0	0	0	0	25.74	0	0	0	0	0	0	0	0	0	0	0	0	0	0	0	0	0	0	0	0	0	25.75	0	25.76	0	25.75	0
25.9373913043478	0	0	0	0	0	0	0	25.94	25.94	0	0	25.92	25.96	25.93	0	25.95	0	0	25.95	25.94	25.94	0	0	0	0	0	25.92	0	25.93	0	25.93	25.95	0	0	0	25.93	0	25.96	0	0	0	0	0	0	25.92	0	0	0	0	0	0	25.93	25.95	0	0	0	0	0	0	25.95	25.93	0	0	0	0	25.9	0	25.95	0	0	0	0	0	25.94	0	0
25.9836363636364	0	0	0	0	0	0	26	0	0	25.99	0	0	25.99	0	25.98	25.97	25.98	25.99	0	0	0	0	25.97	26	26	0	0	26	0	25.97	0	0	0	0	0	25.96	25.96	0	0	0	25.97	0	25.97	0	0	0	0	0	0	0	0	0	0	0	0	25.99	0	0	0	0	0	0	0	26.01	25.99	26	0	0	25.98	0	0	0	0	0	0	25.97
26.0253333333333	0	0	0	26.04	0	26.02	26.02	0	0	26.01	26.02	0	0	0	0	0	0	0	0	0	0	26.03	26	0	0	0	0	0	0	0	0	0	0	0	26.02	0	0	0	0	0	0	0	0	0	0	0	0	26.01	26.04	26.03	0	0	0	0	0	0	0	0	26.02	0	0	0	0	0	0	0	0	0	0	0	26.02	0	26.05	0	26.05	0
26.0757142857143	26.09	0	0	0	0	0	0	0	0	0	0	0	0	0	0	0	0	0	0	0	0	0	0	0	0	0	0	0	0	0	0	0	0	26.07	0	0	0	0	0	0	0	26.08	0	0	0	0	0	0	0	0	26.06	0	0	0	0	0	0	0	0	0	0	0	0	0	0	0	0	0	0	26.07	0	26.09	26.07	0	0	0
26.114	0	26.11	0	0	26.12	0	0	0	0	0	0	0	0	0	0	0	0	0	0	0	0	0	0	0	0	0	0	0	0	0	0	0	0	0	0	0	0	0	0	0	0	26.09	0	0	0	0	0	0	0	0	0	0	0	0	0	0	0	26.13	0	0	0	0	0	0	0	0	26.12	0	0	0	0	0	0	0	0	0
26.1483333333333	0	26.14	26.14	0	0	0	0	0	0	0	0	0	0	0	0	0	0	0	0	0	0	0	0	0	0	26.17	0	0	0	0	0	0	0	0	0	0	0	0	0	0	0	0	0	26.14	0	0	0	0	0	0	0	0	0	0	0	26.14	0	0	0	0	0	0	0	0	0	26.16	0	0	0	0	0	0	0	0	0	0
26.1966666666667	0	0	0	0	0	0	0	0	0	0	0	0	0	0	0	26.21	0	0	0	0	0	0	0	0	0	26.2	0	0	0	0	0	0	0	0	0	0	0	0	0	0	0	0	0	0	0	26.18	0	0	0	0	0	0	0	0	0	0	0	0	0	0	0	0	0	0	0	0	0	0	0	0	0	0	0	0	0	0
26.232	0	0	0	0	0	0	0	0	0	26.22	0	0	0	0	0	0	26.22	26.25	0	0	0	0	0	0	0	0	0	0	0	0	0	0	0	0	0	0	0	0	0	0	0	0	0	0	0	0	0	0	0	0	0	0	0	0	0	0	0	0	0	0	0	0	0	0	0	26.22	0	0	0	0	0	0	26.25	0	0	0
26.2975	0	0	0	0	0	0	0	0	0	0	0	0	0	0	0	0	0	0	0	0	0	0	0	0	0	0	0	0	0	0	0	0	0	0	0	0	0	0	0	0	0	0	0	0	26.32	0	0	0	0	0	0	0	0	26.31	0	0	0	0	0	0	0	0	0	0	0	0	0	0	0	26.27	0	26.29	0	0	0	0
26.425	0	0	0	26.42	0	26.43	0	0	0	0	0	0	0	0	0	0	0	0	0	0	0	0	0	0	0	0	0	0	0	0	0	0	0	0	0	0	0	0	0	0	0	0	0	0	0	0	0	0	0	0	0	0	0	0	0	0	0	0	0	0	0	0	0	0	0	0	0	0	0	0	0	0	0	0	0	0
26.5145454545455	0	0	0	0	0	0	0	0	0	26.52	0	0	0	0	0	26.51	0	0	26.49	0	0	0	26.54	0	0	0	0	0	0	0	26.52	0	0	0	0	0	0	0	26.5	0	0	0	0	0	0	26.51	0	0	26.54	26.53	0	0	0	0	0	0	0	0	0	0	0	0	0	0	0	26.49	0	0	0	0	26.51	0	0	0	0	0
26.5707692307692	0	0	0	0	0	0	26.55	26.57	26.57	26.56	0	0	0	26.59	0	26.54	26.59	0	0	26.58	26.59	0	0	0	0	0	0	0	0	0	26.56	0	26.58	0	0	0	0	26.57	26.58	26.57	0	0	26.54	0	26.59	26.59	0	0	26.57	0	26.57	0	26.57	0	0	0	26.58	26.59	0	0	0	0	0	26.56	0	0	0	0	0	0	26.52	0	26.57	26.59	0	0
26.5833333333333	0	0	0	0	0	0	0	0	0	26.59	0	0	0	0	0	26.58	0	26.58	0	26.6	0	0	0	0	0	0	26.58	0	0	0	0	0	0	0	0	0	26.59	0	26.59	0	0	0	26.57	0	0	0	0	0	0	26.59	0	0	0	0	0	0	0	0	0	0	0	0	0	26.59	0	0	0	0	0	0	26.54	0	0	0	0	26.6
26.6178571428571	0	0	0	0	0	0	26.62	0	0	26.62	26.61	26.58	26.62	0	26.62	26.63	0	26.61	0	0	0	0	26.61	26.63	26.63	0	0	26.62	0	26.6	26.62	0	0	0	0	0	0	26.62	0	0	26.59	26.6	0	0	0	0	0	26.62	26.63	26.62	26.63	0	0	0	0	0	0	0	26.62	0	0	0	0	26.64	26.62	0	0	0	0	0	26.61	0	26.63	26.63	26.62	0
26.6611764705882	0	0	0	26.68	0	0	0	0	0	26.68	26.65	0	0	0	0	26.64	0	26.64	0	0	0	26.64	0	0	0	0	0	0	0	26.67	0	0	0	26.67	26.64	0	0	26.67	0	0	0	26.68	0	0	26.66	0	0	0	0	0	0	0	0	0	0	0	0	26.68	26.67	0	0	0	0	0	0	0	0	0	0	26.64	26.67	0	26.66	0	0	0
26.7	0	0	0	26.72	26.7	0	0	0	0	0	0	0	0	0	0	0	0	0	0	0	0	0	0	0	0	0	0	0	0	0	0	0	0	0	0	0	0	0	0	0	0	0	0	26.69	0	0	0	0	0	0	26.69	0	0	0	0	0	0	26.71	0	0	0	0	0	0	0	0	26.7	0	0	0	0	26.69	0	0	0	0
26.726	0	0	26.74	0	0	0	0	0	0	0	0	0	0	0	0	0	0	0	0	0	0	0	0	0	0	26.75	0	0	0	0	0	0	0	0	0	0	0	0	0	0	0	0	0	26.71	0	0	0	0	0	0	26.72	0	0	0	0	0	0	0	0	0	0	0	0	0	0	0	0	0	0	0	0	26.71	0	0	0	0
26.7677777777778	26.75	26.77	0	0	26.77	0	0	0	26.77	0	0	0	26.78	0	0	0	0	0	0	0	0	0	0	0	0	26.78	0	0	0	0	0	0	0	0	0	0	0	0	0	0	0	0	26.8	0	0	0	0	0	0	0	26.74	0	0	0	0	0	0	0	0	0	0	0	0	0	0	0	26.75	0	0	0	0	0	0	0	0	0
26.826	0	0	0	0	0	0	0	0	26.8	26.84	26.82	0	0	0	0	26.83	26.82	26.83	0	0	0	0	26.8	0	26.84	0	0	26.84	0	0	0	0	0	0	0	0	0	26.82	0	0	0	0	0	0	0	26.84	0	0	26.83	26.82	0	0	26.82	0	0	26.83	0	0	0	0	0	0	0	26.81	0	0	0	0	0	0	26.83	0	26.85	0	26.84	26.81
26.88	0	0	0	0	0	0	0	0	0	0	0	0	0	0	0	0	0	26.87	0	0	0	0	0	0	0	0	0	0	0	0	0	0	0	26.89	26.87	0	0	0	0	0	0	26.89	0	26.88	0	0	0	0	0	0	26.88	0	0	0	0	0	0	26.89	26.86	0	0	0	0	0	0	26.86	26.9	0	0	26.87	0	26.9	0	0	0	0
26.9647058823529	0	0	26.93	0	26.97	0	0	0	26.94	26.99	26.98	0	26.95	0	26.97	26.96	26.97	26.98	0	26.94	0	26.98	0	0	26.98	26.96	0	26.98	0	26.97	0	0	26.95	0	26.99	0	0	26.96	0	0	26.96	26.92	26.96	0	26.94	0	0	26.99	26.98	26.97	0	0	26.93	0	0	0	0	0	26.99	0	0	0	0	26.96	26.97	0	0	0	0	0	26.98	0	0	26.95	26.99	26.96
27.033	0	0	0	27.04	0	0	0	0	0	0	0	0	0	0	0	0	0	0	0	0	0	0	0	0	0	0	0	0	0	0	0	0	0	27.03	0	0	0	0	0	0	0	27.04	0	27.04	0	0	0	0	0	0	27.02	0	0	0	0	0	0	27.03	0	0	0	0	0	0	0	0	27.05	0	0	27.01	0	27.06	27.01	0	0	0
27.0969230769231	0	0	27.07	0	27.11	0	0	0	27.1	0	0	0	0	27.09	0	0	27.11	0	0	0	0	0	0	0	0	27.12	0	0	0	27.1	0	0	0	0	0	0	0	0	0	0	0	0	0	0	0	27.07	0	0	0	0	0	0	27.09	0	0	0	27.08	0	27.12	0	0	0	0	0	0	27.08	0	0	0	0	0	0	0	0	0	27.12
27.1357142857143	0	0	0	0	0	0	0	0	0	27.14	27.16	0	0	0	0	27.13	0	27.13	0	0	0	27.12	0	27.12	27.13	0	0	0	0	0	0	0	0	0	27.12	0	0	0	0	0	0	0	27.12	0	0	0	0	0	27.14	27.15	0	0	0	0	0	0	0	0	0	0	0	0	0	0	0	0	0	0	0	27.14	27.14	0	0	0	27.16	0
27.1888888888889	0	0	27.21	0	0	0	0	0	0	0	0	0	0	0	0	0	0	0	0	0	0	0	0	0	0	0	0	0	0	0	0	0	0	27.18	0	0	0	0	0	0	0	27.2	0	27.17	0	0	0	0	0	0	27.17	0	0	0	0	0	0	27.2	0	0	0	0	0	0	0	0	27.2	0	0	0	0	27.19	27.18	0	0	0
27.278	0	0	0	0	27.27	0	0	0	0	0	0	0	0	0	0	0	0	0	0	0	0	0	0	0	0	27.25	0	0	0	0	0	0	0	0	0	0	0	0	0	27.28	0	0	0	0	27.29	27.3	0	0	0	0	0	0	0	0	0	0	0	0	0	0	0	0	0	0	0	0	0	0	0	0	0	0	0	0	0	0
27.317	0	0	0	0	0	0	27.34	27.29	27.3	27.34	27.34	27.3	27.32	27.3	27.34	27.34	27.32	0	27.31	27.3	27.29	0	27.33	27.34	27.34	0	27.3	27.33	27.31	27.32	27.29	27.3	27.3	0	0	0	0	27.34	27.31	0	0	0	27.32	0	0	0	0	0	0	27.33	0	27.31	27.3	0	0	0	27.3	0	27.34	27.31	0	0	0	27.33	27.32	27.33	0	27.3	27.33	0	0	0	0	27.31	0	27.31
27.3433333333333	0	0	0	0	0	0	0	0	0	0	0	0	0	0	0	0	0	27.35	0	0	0	27.35	0	0	0	0	0	0	0	0	27.32	0	0	0	27.35	0	0	0	0	0	27.33	0	0	0	0	0	0	27.35	27.35	0	0	0	0	0	0	0	0	0	0	0	0	0	0	0	0	0	0	0	0	0	27.33	0	0	0	27.36	0
27.397	0	0	0	27.39	0	0	0	0	0	0	0	0	0	0	0	0	0	0	0	0	0	0	0	0	0	0	0	0	0	0	0	0	0	27.39	0	0	0	0	0	0	0	27.41	0	27.41	0	0	0	0	0	0	27.38	0	0	0	0	0	0	27.4	0	0	0	0	0	0	0	0	27.42	0	0	27.38	0	27.41	27.38	0	0	0
27.465	27.46	27.48	27.44	0	27.48	0	0	0	0	0	0	0	0	0	0	0	0	0	0	0	0	0	0	0	0	0	0	0	0	0	0	0	0	0	0	0	0	0	0	0	0	0	0	0	0	0	0	0	0	0	0	0	0	0	0	0	0	0	0	0	0	0	0	0	0	0	0	0	0	0	0	0	0	0	0	0
27.5775	0	0	0	0	0	0	0	0	0	0	0	0	0	27.59	0	0	0	0	0	0	0	0	0	0	27.6	0	0	0	0	0	0	0	27.56	0	0	0	0	0	0	0	0	0	0	0	27.6	27.56	0	0	0	0	0	0	27.58	0	0	0	27.55	0	0	0	0	0	0	0	0	0	0	0	0	0	0	0	0	27.58	0	0
27.615625	0	0	0	0	0	0	27.64	0	27.61	0	0	0	0	0	0	27.6	27.62	27.61	27.63	0	27.63	27.61	0	27.61	27.63	0	0	0	0	0	0	0	27.59	0	27.61	0	0	0	0	0	0	0	0	0	0	0	0	0	0	0	0	0	0	0	0	0	27.58	0	27.63	0	0	0	0	0	0	0	0	0	0	0	0	0	0	27.62	0	27.63
27.6381481481481	0	0	0	0	0	0	0	27.63	0	27.65	27.66	0	27.62	0	27.66	27.62	27.65	0	0	27.62	0	27.64	27.64	0	0	0	27.63	27.65	0	27.62	27.63	0	0	0	27.65	27.63	0	27.64	0	0	27.64	0	27.62	0	0	0	0	27.63	27.65	27.65	0	0	0	0	0	0	27.63	0	0	0	0	0	0	27.65	27.63	0	0	0	0	0	27.63	0	0	0	27.66	0
27.69	0	0	0	27.7	0	0	0	0	0	0	0	0	0	0	0	0	0	0	0	0	0	0	0	0	0	0	0	0	0	0	0	0	0	0	0	0	0	0	0	0	0	0	0	27.69	0	0	0	0	0	0	27.69	0	0	0	0	0	0	27.7	0	0	0	0	0	0	0	27.68	0	0	0	27.67	0	27.71	27.68	0	0	0
27.7125	0	0	0	0	0	0	0	0	0	0	0	0	0	0	0	0	0	0	0	0	0	0	0	0	0	0	0	0	0	0	0	0	0	27.72	0	0	0	0	0	0	0	27.72	0	27.7	0	0	0	0	0	0	0	0	0	0	0	0	0	0	0	0	0	0	0	0	0	0	27.71	0	0	0	0	0	0	0	0	0
27.75	0	0	27.75	0	0	0	0	0	0	0	0	0	0	0	0	0	0	0	0	0	0	0	0	0	0	27.75	0	0	0	0	0	0	0	0	0	0	0	0	0	0	0	0	0	0	0	0	0	0	0	0	0	0	0	0	0	0	0	0	0	0	0	0	0	0	0	0	0	0	0	0	0	0	0	0	0	0
27.79	0	27.8	0	0	27.79	0	0	0	0	0	0	0	0	0	0	0	0	0	0	0	0	0	0	0	0	27.78	0	0	0	0	0	0	0	0	0	0	0	0	0	0	0	0	0	0	0	0	0	0	0	0	0	0	0	0	0	0	0	0	0	0	0	0	0	0	0	0	0	0	0	0	0	0	0	0	0	0
27.945	0	0	0	0	0	0	0	0	0	27.95	0	0	0	0	0	27.95	0	0	0	0	0	0	0	0	0	0	0	0	0	0	0	0	0	0	0	0	0	0	0	0	0	0	0	0	0	0	0	0	0	0	0	0	0	0	0	0	0	0	0	0	0	0	0	0	0	27.94	0	0	0	0	27.94	0	0	0	0	0
28.1285	0	0	0	0	0	0	0	28.13	28.13	0	0	0	0	28.13	0	28.15	28.14	0	0	28.13	28.12	0	0	0	0	0	28.13	0	0	0	28.13	0	28.13	0	0	0	0	0	28.1	28.13	0	0	0	0	28.13	28.11	0	0	0	0	0	28.13	28.12	0	0	0	0	0	0	0	0	0	0	28.15	0	28.11	0	0	0	0	0	0	0	28.13	0	28.14
28.1589285714286	0	0	0	0	0	0	28.17	28.16	0	28.16	0	0	28.15	0	28.16	0	0	28.16	28.16	0	0	28.17	28.16	28.16	28.16	0	0	28.18	0	28.14	0	0	0	0	28.17	28.14	0	28.17	0	0	28.15	0	28.14	0	0	0	0	28.16	0	28.15	0	28.14	0	0	0	0	28.14	0	28.17	28.14	0	0	0	28.18	28.16	0	0	0	0	0	28.17	0	0	0	28.18	0
28.2142857142857	0	0	0	28.23	0	0	0	0	0	0	28.19	0	0	0	0	28.19	0	0	28.23	0	0	0	28.23	0	0	0	0	0	0	0	0	0	0	28.22	0	0	0	0	0	0	0	28.24	0	28.22	0	0	0	0	28.19	0	28.2	0	0	0	0	0	0	0	0	0	0	0	0	0	0	28.2	0	0	0	28.2	0	28.24	28.22	0	0	0
28.26	0	0	28.28	0	0	0	0	0	0	0	0	0	0	0	0	0	0	0	0	0	0	0	0	0	0	0	0	0	0	0	0	0	0	0	0	0	0	0	0	0	0	0	0	0	0	0	0	0	0	0	0	0	0	0	0	0	0	28.25	0	0	0	0	0	0	0	0	28.25	0	0	0	0	0	0	0	0	0
28.304	28.3	28.31	0	0	28.3	0	0	0	0	0	0	0	0	0	0	0	0	0	0	0	0	0	0	0	0	28.31	0	0	0	0	0	0	0	0	0	0	0	0	0	0	0	28.3	0	0	0	0	0	0	0	0	0	0	0	0	0	0	0	0	0	0	0	0	0	0	0	0	0	0	0	0	0	0	0	0	0	0
28.9185714285714	0	0	0	0	0	0	0	0	0	0	0	0	0	0	0	0	0	0	0	0	0	0	0	0	0	0	0	0	0	0	0	0	0	0	0	0	0	0	28.93	28.93	0	0	0	0	0	28.92	28.9	0	0	0	0	0	0	0	28.91	0	0	0	0	0	0	28.93	0	0	0	28.91	0	0	0	0	0	0	0	0	0	0
29.015	0	0	0	0	0	0	0	0	0	0	0	0	0	28.99	0	0	29.04	0	29.03	0	0	0	0	0	0	0	29.01	0	29.01	0	0	29.02	29	0	0	29.02	0	0	0	0	0	0	0	0	0	0	0	0	0	0	0	29.01	29.01	0	0	0	0	0	0	0	29.01	0	0	0	0	0	0	0	0	0	0	0	0	29.03	0	0
29.0486666666667	0	0	0	0	0	0	0	29.04	29.03	0	0	0	29.05	0	0	0	0	29.04	0	29.05	0	0	0	29.07	0	0	0	0	0	29.04	0	0	0	0	0	0	29.04	29.05	0	0	29.05	0	29.06	0	0	0	0	0	0	0	0	0	0	0	0	0	0	29.07	0	29.04	0	0	0	0	0	0	0	29.04	0	0	0	0	0	0	0	29.06
29.1	0	0	0	0	0	29.1	29.12	0	0	29.09	0	0	0	0	29.08	0	0	0	0	0	0	0	29.08	0	29.12	0	0	0	0	0	0	0	0	0	0	0	0	0	0	0	0	0	0	0	0	0	0	29.09	0	0	0	0	0	0	0	0	0	0	29.11	0	0	0	0	0	29.11	0	0	0	0	0	29.1	0	0	0	0	0
29.141	0	0	0	29.14	0	0	0	0	0	0	0	0	0	0	0	0	0	0	0	0	0	29.13	0	0	0	0	0	29.13	0	0	0	0	0	29.14	29.13	0	0	0	0	0	0	0	0	0	0	0	0	0	29.15	29.16	29.15	0	0	0	0	0	0	0	0	0	0	0	0	29.14	0	0	0	0	0	0	0	0	29.14	0	0	0
29.1857142857143	29.19	29.19	0	0	0	0	0	0	0	0	29.17	0	0	0	0	0	0	0	0	0	0	0	0	0	0	0	0	0	0	0	0	0	0	0	0	0	0	0	0	0	0	29.17	0	0	0	0	0	0	0	0	0	0	0	0	0	0	0	0	0	0	0	0	0	0	0	0	0	0	0	29.21	0	29.18	0	0	29.19	0
29.25	0	0	0	0	29.25	0	0	0	0	0	0	0	0	0	0	0	0	0	0	0	0	0	0	0	0	29.24	0	0	0	0	0	0	0	0	0	0	0	0	0	0	0	0	0	29.25	0	0	0	0	0	0	0	0	0	0	0	0	0	29.24	0	0	0	0	0	0	0	0	29.27	0	0	0	0	0	0	0	0	0
29.345	0	0	29.34	0	0	0	0	0	0	0	0	0	0	0	0	0	0	0	0	0	0	0	0	0	0	0	0	0	0	0	0	0	0	0	0	0	0	0	0	0	0	0	0	0	0	0	0	0	0	0	0	0	0	0	0	0	0	29.35	0	0	0	0	0	0	0	0	0	0	0	0	0	0	0	0	0	0
29.43375	0	0	0	0	0	0	0	29.43	0	0	0	0	0	0	0	0	0	0	0	0	0	0	0	0	0	0	0	0	0	0	0	0	0	0	0	0	0	0	0	29.44	0	0	0	0	29.43	0	0	0	0	0	0	0	0	29.41	29.43	0	29.44	0	0	0	29.45	0	0	0	0	0	0	0	0	0	0	0	0	29.44	0	0
29.5616666666667	0	0	0	0	0	0	0	0	29.54	0	0	0	0	0	0	29.57	29.58	0	0	0	0	0	0	0	0	0	0	0	0	0	0	0	0	0	0	0	0	0	0	0	0	0	29.56	0	0	29.55	0	0	0	0	0	0	0	0	0	0	0	0	0	0	0	0	0	0	0	0	0	0	0	0	0	0	0	0	0	29.57
29.6071428571429	0	0	0	0	0	0	0	0	0	0	29.61	0	0	0	0	0	0	29.6	0	0	0	0	0	0	0	0	0	0	0	0	0	0	0	0	0	0	0	0	0	0	0	0	0	0	0	0	0	0	29.61	29.61	0	0	0	0	0	0	0	0	0	0	0	0	0	0	0	0	0	0	0	0	29.58	0	29.62	0	29.62	0
29.65	0	0	0	0	0	0	0	0	0	0	0	0	0	0	0	0	0	0	0	0	0	0	0	0	0	0	0	0	0	0	0	0	0	0	0	0	0	0	0	0	0	0	0	0	0	0	0	0	0	0	0	0	0	0	0	0	0	0	0	0	0	0	0	0	0	0	0	0	0	29.64	0	29.66	0	0	0	0
29.71	0	0	29.72	0	0	0	0	0	0	0	0	0	0	0	0	0	0	0	0	0	0	0	0	0	0	29.72	0	0	0	0	0	0	0	0	0	0	0	0	0	0	0	0	0	0	0	0	0	0	0	0	0	0	0	0	0	0	0	29.69	0	0	0	0	0	0	0	0	0	0	0	0	0	0	0	0	0	0
29.7714285714286	0	0	0	0	29.75	0	0	29.78	29.77	0	0	0	0	0	0	0	0	0	29.78	0	29.77	0	0	0	0	0	0	0	0	0	0	0	0	0	0	0	0	0	0	0	0	0	0	0	29.78	29.77	0	0	0	0	0	0	0	0	0	0	0	0	0	0	0	0	0	0	0	0	0	0	0	0	0	0	0	0	0	0
29.8071428571429	0	0	0	0	0	0	29.82	0	0	29.82	0	0	29.8	29.82	29.83	29.79	29.81	0	0	29.81	0	0	29.8	0	0	0	29.8	0	0	29.8	29.79	29.8	29.79	0	0	29.8	0	29.82	0	0	29.81	0	29.8	0	29.79	29.79	0	29.81	0	29.83	0	0	29.81	0	0	0	29.81	0	29.83	0	0	0	0	0	29.82	0	0	0	0	0	0	0	0	29.8	0	29.8
29.845	0	0	0	0	0	0	0	0	0	0	29.84	0	0	0	0	0	0	0	0	0	0	0	0	0	29.85	0	0	29.85	0	0	0	0	29.82	0	29.85	0	0	0	0	0	0	0	0	0	29.82	0	0	29.85	0	0	29.87	0	0	0	0	0	0	0	29.86	0	0	0	0	29.84	0	0	0	0	0	0	29.84	0	29.87	29.82	29.85	0
29.8677777777778	0	0	0	0	0	29.89	0	0	0	0	0	0	0	0	0	29.88	0	29.86	0	0	0	29.86	0	29.87	0	0	0	0	0	0	0	0	0	0	0	0	0	0	0	0	0	29.88	0	0	0	0	0	0	29.86	0	0	0	0	0	0	0	0	0	0	0	0	0	0	29.85	0	0	0	0	0	29.86	0	0	0	0	0	0
29.9066666666667	0	0	0	29.9	0	0	0	0	0	0	0	0	0	0	0	0	0	29.88	0	0	0	0	0	0	0	0	0	0	0	0	0	0	0	29.9	0	0	0	0	0	0	0	0	0	29.92	0	0	0	0	0	0	0	0	0	0	0	0	0	0	0	0	0	0	0	0	0	0	29.91	0	0	0	0	29.93	0	0	0	0
29.9625	0	0	29.95	0	29.98	0	0	0	0	0	0	0	0	0	0	0	0	0	0	0	0	0	0	0	0	29.96	0	0	0	0	0	0	0	0	0	0	0	0	0	0	0	0	0	0	0	0	0	0	0	0	0	0	0	0	0	0	0	29.96	0	0	0	0	0	0	0	0	0	0	0	0	0	0	0	0	0	0
29.99	0	29.99	0	0	0	0	0	0	0	0	0	0	0	0	0	0	0	0	0	0	0	0	0	0	0	29.98	0	0	0	0	0	0	0	0	0	0	0	0	0	0	0	0	0	0	0	0	0	0	0	0	0	0	0	0	0	0	0	0	0	0	0	0	0	0	0	0	0	0	0	0	0	0	30	0	0	0
30.0889285714286	0	0	0	0	0	0	0	30.09	30.09	0	0	30.06	30.1	30.08	0	30.1	30.1	0	30.1	30.08	30.07	0	0	0	0	0	30.08	0	30.1	30.09	30.09	30.1	30.09	0	0	30.1	0	30.11	0	30.07	0	0	0	0	30.08	30.06	0	0	0	0	0	30.1	30.08	0	0	0	30.09	0	0	30.1	0	0	0	0	0	0	0	30.1	0	0	0	0	0	30.09	0	30.09
30.1305	0	0	0	0	0	0	30.13	0	0	30.14	0	0	0	0	30.12	0	0	30.12	0	0	0	30.13	30.12	30.12	30.13	0	0	30.15	0	0	0	0	0	0	30.14	0	30.12	0	0	0	30.11	0	30.11	0	0	0	0	30.13	30.15	30.15	0	0	0	0	0	0	0	0	30.14	0	0	0	0	30.15	30.13	0	0	0	0	0	30.12	0	0	0	0	0
30.1845454545455	0	0	0	30.19	0	30.19	0	0	0	0	30.17	0	0	0	0	0	0	0	0	0	0	0	0	0	0	0	0	0	0	0	0	0	0	30.17	0	0	0	0	0	0	0	30.2	0	30.2	0	0	0	0	0	0	30.18	0	0	0	0	0	0	0	0	0	0	0	0	0	0	0	0	0	0	30.19	0	30.2	30.17	0	30.17	0
30.2757142857143	30.26	30.26	30.27	0	30.28	0	0	0	0	0	0	0	0	0	0	0	0	0	0	0	0	0	0	0	0	30.29	0	0	0	0	0	0	0	0	0	0	0	0	0	0	0	0	0	0	0	0	0	0	0	0	0	0	0	0	0	0	0	30.27	0	0	0	0	0	0	0	0	0	0	0	0	0	0	30.3	0	0	0
30.515	0	0	0	0	0	0	30.52	0	0	0	30.53	0	0	0	0	0	0	0	0	0	0	30.51	30.5	30.51	30.52	0	0	30.53	0	0	0	0	0	0	30.52	0	0	30.5	0	0	0	0	30.49	0	0	0	0	30.52	0	30.54	0	0	0	0	0	0	0	0	30.51	0	0	0	0	30.52	30.51	0	0	0	0	0	30.51	0	0	0	0	0
30.5625	0	0	0	30.57	0	30.57	30.53	0	0	0	30.55	0	0	0	0	0	0	0	0	0	0	0	0	0	0	0	0	0	0	0	0	0	0	30.56	0	0	0	0	0	0	0	30.57	0	0	0	0	0	0	30.56	0	30.56	0	0	0	0	0	0	0	0	0	0	0	0	0	0	0	0	0	0	30.57	0	30.58	30.56	0	30.57	0
30.634	30.63	30.65	30.65	0	0	0	0	0	0	0	0	0	0	0	0	0	0	0	0	0	0	0	0	0	0	0	0	0	0	0	0	0	0	0	0	0	0	0	0	0	0	0	0	30.61	0	0	0	0	0	0	0	0	0	0	0	0	0	0	0	0	0	0	0	0	0	0	30.63	0	0	0	0	0	0	0	0	0
30.6875	0	0	0	0	30.67	0	0	0	30.71	0	0	0	0	0	0	0	0	0	0	0	0	0	0	0	0	30.69	0	0	0	0	0	0	0	0	0	0	0	0	0	0	0	0	0	0	0	0	0	0	0	0	0	0	0	0	0	0	0	30.68	0	0	0	0	0	0	0	0	0	0	0	0	0	0	0	0	0	0
30.762	0	0	0	0	0	0	0	0	30.74	30.76	0	0	0	0	0	30.74	30.76	30.77	0	0	0	30.78	0	0	30.77	0	0	30.78	0	30.76	0	0	0	0	0	0	0	0	0	0	0	0	30.77	0	0	0	0	0	0	30.79	0	0	0	0	0	0	0	0	30.78	0	0	0	0	0	0	0	0	0	0	0	30.75	0	0	30.74	0	30.74
30.8146153846154	0	0	0	30.83	0	0	0	0	0	30.8	30.8	0	0	0	0	0	0	0	0	0	0	0	0	0	0	0	0	0	0	0	0	0	0	30.81	30.8	0	0	0	0	0	0	30.84	0	30.84	0	0	0	0	30.8	0	30.82	0	0	0	0	0	0	0	0	0	0	0	0	0	0	0	0	0	0	30.82	0	30.82	30.8	0	30.81	0
30.895	0	0	30.89	0	0	0	0	0	0	0	0	0	0	0	0	0	0	0	0	0	0	0	0	0	0	30.91	0	0	0	0	0	0	0	0	0	0	0	0	0	0	0	0	0	0	0	0	0	0	0	0	0	0	0	0	0	0	0	30.91	0	0	0	0	0	0	0	0	30.87	0	0	0	0	0	0	0	0	0
30.945	0	0	0	0	30.94	0	0	0	0	0	0	0	0	0	0	0	0	0	0	0	0	0	0	0	0	0	0	0	0	0	0	0	0	0	0	0	0	0	0	0	0	0	0	0	0	0	0	0	0	0	0	0	0	0	0	0	0	30.95	0	0	0	0	0	0	0	0	0	0	0	0	0	0	0	0	0	0
31.129	0	0	0	0	0	0	0	0	0	31.11	31.14	0	0	0	0	31.11	0	0	0	0	0	0	0	0	0	0	0	31.13	0	0	0	0	0	0	0	0	0	0	0	0	0	0	31.11	0	0	0	0	0	31.14	31.13	0	0	0	0	0	0	0	0	0	0	0	0	0	0	0	0	0	0	0	0	31.12	0	31.15	0	31.15	0
31.145	0	0	0	0	0	0	0	0	0	31.14	0	0	0	0	0	0	0	0	0	0	0	0	0	0	0	0	0	0	0	0	0	0	0	0	0	0	0	0	0	0	0	0	0	0	0	0	0	0	0	0	0	0	0	0	0	0	0	0	0	0	0	0	0	0	0	0	0	0	0	31.15	0	0	0	0	0	0
31.1866666666667	0	0	0	0	0	0	0	0	0	0	0	0	0	0	0	0	0	0	0	0	0	0	0	0	0	0	0	0	0	0	0	0	0	0	0	0	0	0	0	0	0	0	0	0	0	0	0	0	0	0	0	0	0	0	0	0	0	0	0	0	0	0	0	0	0	0	31.19	0	0	31.18	0	31.19	0	0	0	0
31.2575	0	0	31.25	0	31.28	0	0	0	0	0	0	0	0	0	0	0	0	0	0	0	0	0	0	0	0	31.27	0	0	0	0	0	0	0	0	0	0	0	0	0	0	0	0	0	0	0	0	0	0	0	0	0	0	0	0	0	0	0	31.23	0	0	0	0	0	0	0	0	0	0	0	0	0	0	0	0	0	0
31.295	0	0	0	0	0	0	0	0	0	0	0	0	0	0	0	0	0	0	0	0	0	0	0	0	0	0	0	0	0	0	0	0	0	0	0	0	0	0	31.3	0	0	0	0	0	0	31.29	0	0	0	0	0	0	0	0	0	0	0	0	0	0	0	0	0	0	0	0	0	0	0	0	0	0	0	0	0	0
31.38	0	0	0	0	0	0	0	0	0	0	0	0	0	0	0	0	0	31.38	31.39	0	0	0	0	0	31.39	0	31.36	0	0	0	0	0	0	0	0	31.38	0	31.39	0	31.35	31.38	0	0	0	0	0	0	0	0	0	0	0	0	0	0	0	0	0	31.4	0	0	0	0	0	0	0	0	0	0	0	0	0	0	0	0	0
31.415	0	0	0	0	0	0	31.42	0	0	31.42	0	0	0	0	0	0	0	0	0	0	0	31.4	0	31.4	0	0	0	31.43	0	0	0	0	0	0	31.41	0	0	0	0	0	0	0	31.39	0	0	0	0	31.39	31.43	31.42	0	0	0	0	0	0	0	0	0	0	0	0	0	31.44	31.4	0	0	0	0	0	31.42	0	31.44	0	0	0
31.461	0	0	0	31.45	0	31.47	0	0	0	0	31.45	0	0	0	0	0	0	0	0	0	0	0	0	0	0	0	0	0	0	0	0	0	0	31.45	0	0	0	0	0	0	0	31.46	0	31.48	0	0	0	0	0	0	31.45	0	0	0	0	0	0	0	0	0	0	0	0	0	0	0	0	0	0	31.46	0	31.47	0	0	31.47	0
31.5075	31.5	31.53	0	0	0	0	0	0	0	0	0	0	0	0	0	0	0	0	0	0	0	0	0	0	0	0	0	0	0	0	0	0	0	0	0	0	0	0	0	0	0	0	0	31.5	0	0	0	0	0	0	0	0	0	0	0	0	0	0	0	0	0	0	0	0	0	0	31.5	0	0	0	0	0	0	0	0	0
31.565	0	0	31.56	0	31.55	0	0	0	0	0	0	0	0	0	0	0	0	0	0	0	0	0	0	0	0	31.57	0	0	0	0	0	0	0	0	0	0	0	0	0	0	0	0	0	0	0	0	0	0	0	0	0	0	0	0	0	0	0	31.58	0	0	0	0	0	0	0	0	0	0	0	0	0	0	0	0	0	0
32.2484210526316	0	0	0	0	0	0	0	32.24	32.23	0	0	0	32.27	0	32.24	0	0	32.25	0	32.24	0	0	0	32.25	0	0	0	0	0	32.25	32.24	32.25	0	0	0	32.27	32.24	0	0	0	32.25	0	0	0	0	0	0	32.26	0	0	0	32.26	0	0	0	0	0	0	0	32.24	32.24	0	0	0	0	0	0	32.24	0	0	0	0	0	0	0	32.26
32.300625	0	0	0	0	0	0	32.3	0	0	32.31	0	0	0	0	0	0	0	0	32.28	0	0	32.31	32.31	0	32.3	0	0	32.33	0	0	0	0	0	32.31	32.3	0	0	32.28	0	0	0	0	32.28	0	0	0	0	32.29	0	0	0	0	0	0	0	0	0	0	32.29	0	0	0	0	32.32	32.29	0	0	0	0	0	32.31	0	0	0	0	0
32.3553333333333	0	0	0	32.35	0	32.35	32.35	0	0	0	32.38	0	0	0	0	0	0	0	0	0	0	0	0	0	0	0	0	0	0	0	0	0	0	32.34	0	0	0	0	0	0	0	32.37	0	0	0	0	0	0	32.36	32.35	32.34	0	0	0	0	0	0	32.34	0	0	0	0	0	32.35	0	0	0	0	0	32.36	0	32.36	32.35	0	32.38	0
32.36	0	0	0	32.36	0	0	0	0	0	0	0	0	0	0	0	0	0	0	0	0	0	0	0	0	0	0	0	0	0	0	0	0	0	0	0	0	0	0	0	0	0	0	0	0	0	0	0	0	0	0	0	0	0	0	0	0	0	32.36	0	0	0	0	0	0	0	0	0	0	0	0	0	0	0	0	0	0
32.41	32.41	32.41	0	0	0	0	0	0	0	0	0	0	0	0	0	0	0	0	0	0	0	0	0	0	0	0	0	0	0	0	0	0	0	0	0	0	0	0	0	0	0	0	0	32.41	0	0	0	0	0	0	0	0	0	0	0	0	0	0	0	0	0	0	0	0	0	0	0	0	0	0	0	0	0	0	0	0
32.4625	0	0	32.47	0	32.46	0	0	0	0	0	0	0	0	0	0	0	0	0	0	0	0	0	0	0	0	32.47	0	0	0	0	0	0	0	0	0	0	0	0	0	0	0	0	0	0	0	0	0	0	0	0	0	0	0	0	0	0	0	0	0	0	0	0	0	0	0	0	32.45	0	0	0	0	0	0	0	0	0
32.6466666666667	0	0	0	0	0	0	0	0	0	32.65	0	0	0	0	0	0	0	0	0	0	0	0	0	0	0	0	0	0	0	0	0	0	0	0	0	0	0	0	0	0	0	0	0	0	0	0	0	0	0	0	0	0	0	0	0	0	0	0	0	0	0	0	0	0	0	0	0	0	0	0	32.65	32.64	0	0	0	0
32.6866666666667	0	0	0	0	0	0	0	0	0	32.68	0	0	0	0	0	0	0	0	0	0	0	0	0	0	0	32.7	0	0	0	0	0	0	0	0	0	0	0	0	0	0	0	0	0	0	0	0	0	0	0	0	0	0	0	0	0	0	0	0	0	0	0	0	0	0	0	0	0	0	0	0	32.68	0	0	0	0	0
32.7433333333333	0	0	0	0	0	0	0	0	0	0	0	0	0	0	0	0	0	0	0	0	0	0	0	0	0	0	0	0	0	0	0	0	0	0	0	0	0	0	0	32.75	0	0	0	0	32.75	0	0	0	0	0	0	0	0	32.73	0	0	0	0	0	0	0	0	0	0	0	0	0	0	0	0	0	0	0	0	0	0
32.9575	0	0	0	0	0	0	0	0	32.97	0	0	0	0	0	0	32.97	32.95	32.94	0	0	0	0	0	0	0	0	0	0	0	0	0	0	0	0	0	0	0	0	0	0	0	0	0	0	0	0	0	0	0	0	0	0	0	0	0	0	0	0	0	0	0	0	0	0	0	0	0	0	0	0	0	0	0	0	0	0
32.9966666666667	0	0	0	0	0	0	0	0	0	0	0	0	0	0	0	33	0	0	0	0	0	0	0	0	0	0	0	0	0	0	0	0	0	0	0	0	0	0	0	0	0	0	32.98	0	0	0	0	0	0	33.01	0	0	0	0	0	0	0	0	0	0	0	0	0	0	0	0	0	0	0	0	0	32.99	33.01	0	0	32.99
33.0333333333333	0	0	0	0	0	0	0	0	0	33.05	33.04	0	0	0	0	0	0	0	0	0	0	0	0	0	0	0	0	33.02	0	0	0	0	0	0	0	0	0	0	0	0	0	0	0	0	0	0	0	0	33.04	0	0	0	0	0	0	0	0	0	0	0	0	0	0	0	0	0	0	0	0	33.05	33.02	33.01	33.04	0	33.03	0
33.055	0	0	0	0	0	0	0	0	0	0	0	0	0	0	0	0	0	0	33.07	0	0	0	0	0	0	0	0	0	0	0	0	0	0	0	0	0	0	0	0	0	0	0	0	0	0	0	0	0	0	0	0	0	0	0	0	0	0	0	0	0	0	0	0	0	0	0	0	0	0	0	0	33.04	0	0	0	0
33.1066666666667	0	0	0	0	0	0	0	0	0	33.1	0	0	0	0	0	0	0	0	0	0	0	0	0	0	0	33.09	0	0	0	0	0	0	0	0	0	0	0	0	0	0	0	0	0	0	0	0	0	0	33.12	33.11	0	0	0	0	0	0	0	33.13	0	0	0	0	0	0	0	0	33.09	0	0	0	0	0	0	0	0	0
33.1516666666667	0	0	33.13	0	0	0	0	0	0	0	33.16	0	0	0	0	0	0	0	0	0	0	0	0	0	0	0	0	0	0	0	0	0	0	0	0	0	0	0	0	0	0	0	0	0	0	0	0	0	33.15	33.15	0	0	0	0	0	0	0	0	0	0	0	0	0	0	0	0	0	0	0	0	0	0	33.17	0	33.15	0
33.1875	0	0	0	0	33.18	0	0	0	0	0	0	0	0	0	0	0	0	0	0	0	0	33.2	0	0	0	0	0	0	0	0	0	0	0	0	0	0	0	0	0	0	0	0	0	0	0	0	0	0	33.17	0	0	0	0	0	0	0	0	0	33.2	0	0	0	0	0	0	0	0	0	0	0	0	0	0	0	0	0
33.2133333333333	0	0	0	0	0	0	0	0	0	0	0	0	0	0	0	0	0	0	0	0	0	33.22	0	0	0	0	0	0	0	0	0	0	0	0	0	0	0	0	0	0	0	0	0	0	0	0	0	0	0	0	0	0	0	0	0	0	0	0	33.21	0	0	0	0	0	0	0	0	0	0	33.21	0	0	0	0	0	0
33.255	0	0	0	0	0	0	0	0	0	0	0	0	0	0	0	0	0	0	0	0	0	0	0	0	0	0	0	0	0	0	0	0	0	0	0	0	0	0	0	0	0	0	0	0	0	0	0	0	0	0	0	0	0	0	0	0	0	33.26	0	0	0	0	0	0	0	0	33.25	0	0	0	0	0	0	0	0	0
33.315	0	0	0	0	0	0	0	0	0	33.33	0	0	0	0	0	33.29	0	0	0	0	0	0	0	0	0	33.32	0	0	0	0	0	0	0	0	0	0	0	0	0	0	0	0	33.32	0	0	0	0	0	0	0	0	0	0	0	0	0	0	0	0	0	0	0	0	0	0	0	0	0	0	0	0	0	0	0	0	0
33.35	0	0	0	0	0	0	0	0	0	0	0	0	0	0	0	0	0	0	0	0	0	0	0	0	0	0	0	33.35	0	0	0	0	0	0	0	0	0	0	0	0	0	0	0	0	0	0	0	0	33.36	33.35	0	0	0	0	0	0	0	0	0	0	0	0	0	0	0	0	0	0	0	0	33.33	0	0	0	33.36	0
33.394	0	0	0	0	0	0	0	0	33.39	0	0	0	0	0	0	0	33.41	0	0	0	0	0	0	0	0	0	0	0	0	0	0	0	0	0	0	0	0	0	0	0	0	0	0	0	0	0	0	0	0	0	0	0	0	0	0	0	0	0	0	0	0	0	0	0	33.4	0	0	0	0	0	33.36	0	0	33.41	0	0
33.4335714285714	0	0	0	0	0	0	0	0	0	33.45	33.45	0	0	0	0	0	0	0	0	0	0	33.43	33.45	0	33.42	0	0	33.41	0	33.43	0	0	0	0	33.43	0	0	0	0	0	0	0	33.41	0	0	0	0	0	0	0	0	0	0	0	0	0	0	33.45	33.44	0	0	0	0	0	33.42	0	0	0	0	0	0	0	33.45	0	0	33.43
33.466	0	0	0	0	0	0	0	0	0	0	0	0	0	0	0	0	0	0	0	0	0	0	0	0	0	0	0	33.46	0	0	0	0	0	0	0	0	0	0	0	0	0	0	33.43	33.48	0	0	0	0	33.48	33.46	0	0	0	0	0	0	0	0	0	0	0	0	0	33.47	0	0	0	0	0	33.46	33.46	0	33.49	0	33.47	0
33.5	0	0	0	33.51	0	0	0	0	0	0	33.49	0	0	0	0	0	0	0	0	0	0	0	0	0	0	0	0	0	0	0	0	0	0	0	0	0	0	0	0	0	0	0	0	33.5	0	0	0	0	0	0	0	0	0	0	0	0	0	0	0	0	0	0	0	0	0	0	33.5	0	0	0	0	33.5	0	0	0	0
33.5809090909091	0	0	33.57	0	33.6	0	0	0	33.57	0	0	0	33.59	0	0	0	33.58	0	33.58	0	0	0	0	0	0	33.57	0	0	0	0	0	0	0	0	0	0	0	0	0	0	0	0	0	0	0	0	0	0	0	0	0	0	0	0	0	0	0	33.59	33.6	0	0	0	0	0	0	0	33.54	0	0	0	0	0	0	0	0	33.6
33.6172222222222	0	0	0	0	0	0	33.61	0	0	33.61	33.63	0	0	0	0	33.6	0	33.61	0	0	0	0	33.6	0	33.6	0	0	33.63	0	0	33.59	0	0	0	33.63	0	0	33.61	0	0	0	0	33.6	0	0	0	0	0	33.64	33.62	0	0	0	0	0	0	0	0	0	0	0	0	0	33.62	0	0	0	0	0	0	33.63	0	33.64	0	33.64	0
33.6575	0	0	0	0	0	0	0	0	0	0	0	0	0	0	0	0	0	0	0	0	0	0	0	0	33.63	0	0	0	0	0	0	0	0	33.64	0	0	0	0	0	0	0	33.67	0	33.67	0	0	0	0	0	0	33.66	0	0	0	0	0	0	0	0	0	0	0	0	0	0	0	0	0	0	33.66	0	33.67	33.66	0	0	0
33.7275	0	0	33.72	0	0	0	0	0	0	0	0	0	0	0	0	0	0	0	0	0	0	0	0	0	0	33.74	0	0	0	0	0	0	0	0	0	0	0	0	0	0	0	0	0	0	0	0	0	0	0	0	0	0	0	0	0	0	0	33.75	0	0	0	0	0	0	0	0	33.7	0	0	0	0	0	0	0	0	0
33.8028571428571	0	0	0	0	33.78	0	0	33.81	33.81	0	0	0	0	0	0	0	0	0	0	33.81	0	0	0	0	0	0	0	0	0	0	0	0	0	0	0	0	0	0	0	0	0	0	0	0	33.81	0	0	0	0	0	0	0	33.79	0	0	0	0	0	0	0	0	0	0	0	0	0	0	0	0	0	0	0	0	33.81	0	0
33.8336363636364	0	0	0	0	0	0	0	0	0	33.85	0	0	33.83	0	33.82	33.83	33.82	33.84	33.82	0	0	33.84	33.86	0	33.84	0	0	0	0	33.82	33.84	0	0	0	33.83	33.85	0	33.86	0	0	33.82	0	33.84	0	0	0	0	0	0	0	0	0	33.81	0	0	0	0	0	33.82	0	0	0	0	0	33.82	0	0	0	0	33.86	0	0	0	0	0	33.82
33.8853333333333	0	0	0	0	0	0	33.88	0	0	0	33.9	0	0	0	0	0	0	0	0	0	0	0	0	0	0	0	0	33.89	0	0	0	0	0	33.87	33.86	0	0	33.87	0	0	0	0	0	0	0	0	0	0	33.89	33.89	33.89	0	0	0	0	0	0	0	0	0	0	0	0	33.87	0	0	0	0	0	33.89	33.86	33.91	33.9	0	33.91	0
33.925	0	0	0	33.92	0	0	0	0	0	0	0	0	0	0	0	0	0	0	0	0	0	0	0	0	0	0	0	0	0	0	0	0	0	0	0	0	0	0	0	0	0	33.93	0	33.91	0	0	0	0	0	0	0	0	0	0	0	0	0	0	0	0	0	0	0	0	0	0	33.94	0	0	0	0	0	0	0	0	0
33.985	0	34	33.97	0	0	0	0	0	0	0	0	0	0	0	0	0	0	0	0	0	0	0	0	0	0	33.97	0	0	0	0	0	0	0	0	0	0	0	0	0	0	0	0	0	0	0	0	0	0	0	0	0	0	0	0	0	0	0	34	0	0	0	0	0	0	0	0	0	0	0	0	0	0	0	0	0	0
34.1385714285714	0	0	0	0	0	0	34.16	0	34.11	34.16	0	0	34.14	0	0	34.14	34.13	34.14	34.11	34.13	0	0	34.15	0	34.14	0	0	0	0	34.14	34.13	0	0	0	0	0	0	34.14	0	0	0	0	34.13	0	0	0	0	0	0	34.15	0	0	0	0	0	0	0	0	34.15	0	0	0	0	34.16	34.14	0	0	0	0	0	0	0	0	34.14	0	34.12
34.173	0	0	0	0	0	0	0	0	0	0	34.17	0	0	0	0	0	0	0	0	0	0	34.16	0	0	0	0	0	34.16	0	0	0	0	0	0	34.17	0	0	0	0	0	0	0	0	0	0	0	0	0	34.18	0	34.19	0	0	0	0	0	0	0	0	0	0	0	0	0	0	0	0	0	0	34.18	34.15	0	34.18	0	34.19	0
34.2133333333333	0	0	0	34.23	0	0	0	0	0	0	0	0	0	0	0	0	0	0	0	0	0	0	0	0	0	0	0	0	0	0	0	0	0	34.19	0	0	0	0	0	0	0	34.21	0	34.21	0	0	0	0	0	0	0	0	0	0	0	0	0	0	0	0	0	0	0	0	0	0	34.23	0	0	0	0	34.21	0	0	0	0
34.2675	0	0	34.27	34.26	0	0	0	0	0	0	0	0	0	0	0	0	0	0	0	0	0	0	0	0	0	34.27	0	0	0	0	0	0	0	0	0	0	0	0	0	0	0	0	0	0	0	0	0	0	0	0	0	0	0	0	0	0	0	34.27	0	0	0	0	0	0	0	0	0	0	0	0	0	0	0	0	0	0
34.295	0	0	0	0	34.31	0	0	0	0	0	0	0	0	0	0	0	0	0	0	0	0	0	0	0	0	0	0	0	0	0	0	0	0	0	0	0	0	0	0	0	0	0	0	0	0	0	0	0	0	0	0	0	0	0	0	0	0	34.28	0	0	0	0	0	0	0	0	0	0	0	0	0	0	0	0	0	0
34.7411111111111	0	0	0	0	0	0	0	0	34.74	0	0	0	34.74	0	0	34.74	34.74	34.75	0	34.74	0	0	0	0	0	0	0	0	0	0	0	0	0	0	0	0	0	0	0	0	34.75	0	0	0	34.72	0	0	0	0	0	0	0	0	0	0	0	0	0	0	0	0	0	0	0	0	0	0	0	0	0	0	0	0	0	0	34.75
34.7725	0	0	0	0	0	0	0	34.78	0	34.79	0	0	34.76	0	0	34.77	0	0	34.77	0	0	34.76	34.79	0	34.76	0	0	34.8	0	34.76	34.77	0	0	34.79	34.78	0	0	34.77	0	0	0	0	34.78	0	34.75	0	0	0	0	0	0	0	0	0	0	0	0	0	34.76	0	0	0	0	0	34.76	0	0	0	0	34.79	0	0	0	34.76	0	0
34.8135294117647	0	0	0	0	0	0	34.81	0	0	34.8	34.82	0	34.78	0	0	0	0	0	34.84	0	0	0	34.8	0	0	0	0	34.81	0	0	0	0	0	0	0	34.81	0	34.82	0	0	0	0	0	34.82	0	0	0	0	34.83	34.82	34.82	0	0	0	0	0	0	0	0	0	0	0	0	34.81	0	0	0	0	0	0	34.8	34.81	34.83	0	0	0
34.85	0	0	0	34.86	0	0	0	0	0	0	0	0	0	0	0	0	0	0	0	0	0	0	0	0	0	0	0	0	0	0	0	0	0	0	0	0	0	0	0	0	0	34.84	0	0	0	0	0	0	0	0	0	0	0	0	0	0	0	0	0	0	0	0	0	0	0	0	34.86	0	0	0	0	0	0	0	34.84	0
34.905	0	0	34.92	0	0	0	0	0	0	34.9	0	0	0	0	0	0	0	0	34.89	0	0	0	0	0	0	34.89	0	0	0	0	0	0	0	0	0	0	0	0	0	0	0	34.92	0	0	0	0	0	0	0	0	0	0	0	0	0	0	0	34.91	0	0	0	0	0	0	0	0	0	0	0	0	0	0	0	0	0	0
35.6944	0	0	0	0	0	0	0	35.69	35.69	35.72	0	0	35.7	0	35.71	0	35.69	35.7	35.69	35.68	0	0	0	35.69	0	0	35.68	0	35.68	35.69	0	35.69	0	0	0	35.69	35.69	35.71	0	0	35.7	0	35.69	0	0	0	0	35.7	0	0	0	35.68	0	0	0	0	0	0	0	35.69	0	0	0	0	35.72	0	0	0	0	0	0	0	0	35.69	0	35.7
35.745	0	0	0	0	0	0	0	0	0	0	0	0	0	0	0	0	0	0	0	0	0	35.74	35.75	0	35.73	0	0	0	0	0	0	0	0	35.76	35.74	0	0	0	0	0	0	0	0	0	0	0	0	0	0	0	0	0	0	0	0	0	0	0	35.73	0	0	0	0	35.76	0	0	0	0	0	0	35.75	0	0	0	0	0
35.7775	0	0	0	0	0	35.79	35.77	0	0	0	0	0	0	0	0	0	0	0	0	0	0	0	0	0	0	0	0	35.78	0	0	0	0	0	0	0	0	0	0	0	0	0	35.78	0	0	0	0	0	0	35.77	0	35.77	0	0	0	0	0	0	0	0	0	0	0	0	0	0	0	0	0	0	0	0	35.78	35.78	0	0	0
35.8166666666667	0	0	0	35.81	0	0	0	0	0	0	35.82	0	0	0	0	0	0	0	0	0	0	0	0	0	0	0	0	0	0	0	0	0	0	0	0	0	0	0	0	0	0	0	0	35.84	0	0	0	0	0	35.81	0	0	0	0	0	0	0	0	0	0	0	0	0	0	0	0	0	0	0	35.81	0	0	0	0	35.81	0
35.8675	35.86	35.87	0	0	0	0	0	0	0	0	0	0	0	0	0	0	0	0	0	0	0	0	0	0	0	35.87	0	0	0	0	0	0	0	0	0	0	0	0	0	0	0	0	0	0	0	0	0	0	0	0	0	0	0	0	0	0	0	0	0	0	0	0	0	0	0	0	35.87	0	0	0	0	0	0	0	0	0
35.925	0	0	35.93	0	35.92	0	0	0	0	0	0	0	0	0	0	0	0	0	0	0	0	0	0	0	0	0	0	0	0	0	0	0	0	0	0	0	0	0	0	0	0	0	0	0	0	0	0	0	0	0	0	0	0	0	0	0	0	0	0	0	0	0	0	0	0	0	0	0	0	0	0	0	0	0	0	0
36.135	0	0	0	0	0	0	0	0	0	36.12	0	0	0	0	0	0	0	0	0	0	0	0	0	0	0	0	0	0	0	0	0	0	0	0	0	0	0	0	0	0	0	0	0	0	0	0	0	0	0	0	0	0	0	0	0	0	0	0	0	0	0	0	0	0	0	0	0	0	0	0	36.15	0	0	0	0	0
36.6958333333333	0	0	0	0	0	0	0	0	36.68	36.72	0	0	36.68	0	0	0	36.68	0	0	0	0	0	36.7	0	36.71	0	0	0	0	0	0	0	0	0	0	0	0	0	0	0	0	0	36.68	0	0	0	0	0	0	0	0	0	0	0	0	0	0	0	36.71	0	0	0	0	36.7	0	0	0	0	0	0	0	0	36.72	36.68	0	36.69
36.725	0	0	0	0	0	0	0	0	0	0	36.72	0	36.7	0	0	0	36.7	0	0	0	0	36.72	0	0	0	0	0	36.72	0	0	0	0	0	0	0	0	0	0	0	0	0	0	0	0	0	0	0	0	36.72	36.73	0	0	0	0	0	0	0	0	0	0	0	0	0	36.73	0	0	0	0	0	36.74	36.72	36.75	0	0	36.75	0
36.755	0	0	0	0	0	0	0	0	0	0	0	0	0	0	0	0	0	0	0	0	0	0	0	0	0	0	0	36.75	0	0	0	0	0	0	0	0	0	0	0	0	0	0	0	36.76	0	0	0	0	0	0	0	0	0	0	0	0	0	0	0	0	0	0	0	0	0	0	0	0	0	0	0	0	0	0	0	0
36.81	0	0	0	0	0	0	0	0	0	0	0	0	0	0	0	0	0	0	0	0	0	0	0	0	0	36.81	0	0	0	0	0	0	0	0	0	0	0	0	0	0	0	0	0	0	0	0	0	0	0	0	0	0	0	0	0	0	0	36.83	0	0	0	0	0	0	0	0	36.79	0	0	0	0	0	0	0	0	0
36.86	0	0	36.85	0	36.87	0	0	0	0	0	0	0	0	0	0	0	0	0	0	0	0	0	0	0	0	0	0	0	0	0	0	0	0	0	0	0	0	0	0	0	0	0	0	0	0	0	0	0	0	0	0	0	0	0	0	0	0	0	0	0	0	0	0	0	0	0	0	0	0	0	0	0	0	0	0	0
36.936875	0	0	0	0	0	0	36.95	36.93	36.92	36.95	0	0	36.93	0	36.94	36.91	36.92	36.94	36.92	36.92	0	36.96	36.95	0	36.95	0	36.93	0	0	36.93	36.92	0	0	0	36.97	36.94	0	36.95	0	0	36.94	0	36.94	0	36.91	0	0	36.94	0	0	0	0	36.93	0	0	0	36.93	0	36.94	0	0	0	0	36.96	36.94	0	0	0	0	0	36.95	0	0	36.93	0	36.94
36.9875	0	0	0	0	0	0	0	0	0	0	36.98	0	0	0	0	0	0	0	0	0	0	0	0	0	0	0	0	36.99	0	0	0	0	0	36.99	0	0	0	0	0	0	0	37	0	36.99	0	0	0	0	36.98	36.99	36.98	0	0	0	0	0	0	0	0	0	0	0	0	0	0	0	0	0	0	36.99	0	36.99	36.98	0	36.99	0
37.045	0	0	0	37.05	0	37.05	0	0	0	0	0	0	0	0	0	0	0	0	0	0	0	0	0	0	0	37.05	0	0	0	0	0	0	0	0	0	0	0	0	0	0	0	0	0	0	0	0	0	0	0	0	0	0	0	0	0	0	0	0	0	0	0	0	0	0	0	0	37.03	0	0	0	0	0	0	0	0	0
37.1075	0	37.12	37.1	0	37.12	0	0	0	0	0	0	0	0	0	0	0	0	0	0	0	0	0	0	0	0	0	0	0	0	0	0	0	0	0	0	0	0	0	0	0	0	0	0	0	0	0	0	0	0	0	0	0	0	0	0	0	0	37.09	0	0	0	0	0	0	0	0	0	0	0	0	0	0	0	0	0	0
37.326875	0	0	0	0	0	0	0	37.33	37.33	37.35	0	0	37.33	0	0	37.3	37.32	0	37.33	37.32	37.32	0	0	0	0	0	0	0	0	0	0	37.34	37.32	0	0	0	0	0	0	0	0	0	0	0	37.33	0	0	0	0	0	0	0	37.32	0	0	0	37.33	0	0	0	0	0	0	0	0	0	0	0	0	0	0	0	0	37.33	0	37.33
37.3475	0	0	0	0	0	0	37.37	0	0	0	0	0	0	0	37.34	37.32	0	37.34	0	0	0	0	37.35	0	37.36	0	37.34	0	0	37.34	37.34	0	0	0	0	37.34	0	0	0	0	37.35	0	37.34	0	0	0	0	37.35	0	0	0	0	0	0	0	0	0	0	37.36	0	0	0	0	37.37	0	0	0	0	0	0	0	0	0	37.35	0	0
37.3788235294118	0	0	0	0	0	0	0	0	0	0	37.39	0	0	0	0	37.35	0	0	0	0	0	37.37	37.37	0	0	0	0	37.39	0	0	0	0	0	37.39	37.38	0	0	37.36	0	0	0	0	0	0	0	0	0	0	37.39	37.38	37.38	0	0	0	0	0	0	0	0	0	0	0	0	0	37.36	0	0	0	0	37.39	37.37	37.39	37.38	0	37.4	0
37.43	0	0	0	0	0	0	0	0	0	0	0	0	0	0	0	0	0	0	0	0	0	0	0	0	0	37.45	0	0	0	0	0	0	0	0	0	0	0	0	0	0	0	37.41	0	37.42	0	0	0	0	0	0	0	0	0	0	0	0	0	0	0	0	0	0	0	0	0	0	37.44	0	0	0	0	0	0	0	0	0
37.47	0	0	37.49	37.46	0	37.46	0	0	0	0	0	0	0	0	0	0	0	0	0	0	0	0	0	0	0	0	0	0	0	0	0	0	0	0	0	0	0	0	0	0	0	0	0	0	0	0	0	0	0	0	0	0	0	0	0	0	0	0	0	0	0	0	0	0	0	0	0	0	0	0	0	0	0	0	0	0
37.5233333333333	0	37.52	0	0	37.53	0	0	0	0	0	0	0	0	0	0	0	0	0	0	0	0	0	0	0	0	0	0	0	0	0	0	0	0	0	0	0	0	0	0	0	0	0	0	0	0	0	0	0	0	0	0	0	0	0	0	0	0	37.52	0	0	0	0	0	0	0	0	0	0	0	0	0	0	0	0	0	0
37.7166666666667	0	0	0	0	0	0	0	0	0	0	0	0	0	0	0	0	0	0	0	0	0	0	0	0	0	0	0	0	0	0	0	0	0	0	0	0	0	0	0	0	0	0	37.7	0	0	0	0	0	37.73	37.71	0	0	0	0	0	0	0	0	0	0	0	0	0	0	0	0	0	0	0	0	37.7	0	37.73	0	37.73	0
38.3303448275862	0	0	0	0	0	0	38.35	38.31	38.31	38.34	0	0	38.32	0	0	38.31	38.32	38.33	38.32	38.32	0	38.34	38.34	0	38.34	0	0	0	0	38.33	38.32	0	0	0	38.35	38.34	0	38.36	0	0	38.33	0	38.32	0	38.31	0	0	38.35	0	38.36	0	0	38.31	0	0	0	0	0	38.33	0	0	0	0	0	38.33	0	0	0	0	0	38.35	0	0	38.32	0	38.32
38.378125	0	0	0	0	0	0	0	0	0	0	38.38	0	0	0	0	0	0	0	0	0	0	0	0	0	0	38.42	0	38.37	0	0	0	0	0	38.38	0	0	0	0	0	0	0	38.38	0	38.39	0	0	0	0	38.38	0	38.38	0	0	0	0	0	0	0	38.35	0	0	0	0	38.37	38.34	0	38.41	0	0	38.37	0	38.37	38.37	0	38.39	0
38.4675	0	0	38.48	38.45	0	38.45	0	0	0	0	0	0	0	0	0	0	0	0	0	0	0	0	0	0	0	0	0	0	0	0	0	0	0	0	0	0	0	0	0	0	0	0	0	0	0	0	0	0	0	0	0	0	0	0	0	0	0	38.49	0	0	0	0	0	0	0	0	0	0	0	0	0	0	0	0	0	0
38.515	0	38.51	0	0	38.52	0	0	0	0	0	0	0	0	0	0	0	0	0	0	0	0	0	0	0	0	0	0	0	0	0	0	0	0	0	0	0	0	0	0	0	0	0	0	0	0	0	0	0	0	0	0	0	0	0	0	0	0	0	0	0	0	0	0	0	0	0	0	0	0	0	0	0	0	0	0	0
39.2783333333333	0	0	0	0	0	0	39.3	39.27	39.28	39.3	0	0	0	0	39.27	39.27	39.27	0	39.27	39.26	0	0	0	0	0	0	39.27	0	0	39.28	39.28	39.29	0	0	39.29	39.29	39.29	0	0	0	0	0	39.28	0	39.26	0	0	0	0	0	0	39.28	39.26	0	0	0	0	0	39.29	0	0	0	0	0	39.28	0	0	0	0	0	0	0	0	39.28	0	39.27
39.3157142857143	0	0	0	0	0	0	0	0	0	0	0	0	39.3	0	0	0	0	0	39.29	0	0	39.3	39.32	0	39.31	0	0	39.34	0	0	0	0	0	39.32	0	0	0	39.31	0	0	39.3	39.32	0	39.33	0	0	0	0	39.33	39.32	39.31	0	0	0	0	0	0	0	0	0	0	0	0	39.32	39.3	0	0	0	0	39.32	39.3	39.33	39.32	0	39.34	0
39.362	0	0	0	0	0	0	0	0	0	0	39.36	0	0	0	0	0	0	0	0	0	0	0	0	0	0	39.38	0	0	0	0	0	0	0	0	0	0	0	0	0	0	0	39.35	0	0	0	0	0	0	0	0	0	0	0	0	0	0	0	0	0	0	0	0	0	0	0	0	39.38	0	0	0	0	0	39.34	0	0	0
39.4266666666667	0	0	39.43	39.42	0	39.43	0	0	0	0	0	0	0	0	0	0	0	0	0	0	0	0	0	0	0	0	0	0	0	0	0	0	0	0	0	0	0	0	0	0	0	0	0	0	0	0	0	0	0	0	0	0	0	0	0	0	0	0	0	0	0	0	0	0	0	0	0	0	0	0	0	0	0	0	0	0
39.48	0	0	0	0	39.49	0	0	0	0	0	0	0	0	0	0	0	0	0	0	0	0	0	0	0	0	0	0	0	0	0	0	0	0	0	0	0	0	0	0	0	0	0	0	0	0	0	0	0	0	0	0	0	0	0	0	0	0	39.47	0	0	0	0	0	0	0	0	0	0	0	0	0	0	0	0	0	0
39.7533333333333	0	0	0	0	0	0	0	0	0	39.75	0	0	0	0	0	0	0	0	0	0	0	0	0	0	0	0	0	0	0	0	0	0	0	0	0	0	0	0	0	0	0	0	0	0	0	0	0	0	39.75	0	0	0	0	0	0	0	0	0	0	0	0	0	0	0	0	0	0	0	0	0	39.76	0	0	0	0	0
40.60375	0	0	0	0	0	0	0	0	0	40.58	40.62	0	0	0	0	0	0	0	0	0	0	0	0	0	0	0	0	0	0	0	0	0	0	0	0	0	0	0	0	0	0	0	40.57	0	0	0	0	0	40.61	40.6	0	0	0	0	0	0	0	0	0	0	0	0	0	0	0	0	0	0	0	0	40.61	0	40.61	0	40.63	0
41.03125	0	0	0	0	0	0	0	0	0	0	41.04	0	0	0	0	0	0	0	0	0	0	0	0	0	0	0	0	41.03	0	0	0	0	0	0	0	0	0	0	0	0	0	0	41.01	0	0	0	0	0	41.04	41.03	0	0	0	0	0	0	0	0	0	0	0	0	0	0	0	0	0	0	0	0	41.02	0	41.04	0	41.04	0
42.0442857142857	0	0	0	0	0	0	0	0	0	0	42.04	0	0	0	0	0	0	0	0	0	0	0	0	0	0	0	0	0	0	0	0	0	0	0	0	0	0	0	0	0	0	0	42.02	0	0	0	0	0	42.05	42.05	0	0	0	0	0	0	0	0	0	0	0	0	0	0	0	0	0	0	0	0	42.04	0	42.05	0	42.06	0
43.00625	0	0	0	0	0	0	0	0	0	0	43.02	0	0	0	0	0	0	0	0	0	0	0	43	0	0	0	0	0	0	0	0	0	0	0	0	0	0	0	0	0	0	0	42.99	0	0	0	0	0	43	43	0	0	0	0	0	0	0	0	0	0	0	0	0	0	0	0	0	0	0	0	43.01	0	0	0	43.03	43
49.0066666666667	0	0	49.01	49.01	0	49	0	0	0	0	0	0	0	0	0	0	0	0	0	0	0	0	0	0	0	0	0	0	0	0	0	0	0	0	0	0	0	0	0	0	0	0	0	0	0	0	0	0	0	0	0	0	0	0	0	0	0	0	0	0	0	0	0	0	0	0	0	0	0	0	0	0	0	0	0	0
49.0433333333333	0	0	49.04	49.04	0	49.05	0	0	0	0	0	0	0	0	0	0	0	0	0	0	0	0	0	0	0	0	0	0	0	0	0	0	0	0	0	0	0	0	0	0	0	0	0	0	0	0	0	0	0	0	0	0	0	0	0	0	0	0	0	0	0	0	0	0	0	0	0	0	0	0	0	0	0	0	0	0
51	0	0	50.99	0	0	51.01	0	0	0	0	0	0	0	0	0	0	0	0	0	0	0	0	0	0	0	0	0	0	0	0	0	0	0	0	0	0	0	0	0	0	0	0	0	0	0	0	0	0	0	0	0	0	0	0	0	0	0	0	0	0	0	0	0	0	0	0	0	0	0	0	0	0	0	0	0	0
51.03	0	0	51.03	0	0	51.03	0	0	0	0	0	0	0	0	0	0	0	0	0	0	0	0	0	0	0	0	0	0	0	0	0	0	0	0	0	0	0	0	0	0	0	0	0	0	0	0	0	0	0	0	0	0	0	0	0	0	0	0	0	0	0	0	0	0	0	0	0	0	0	0	0	0	0	0	0	0
