"mean_RT"	"w1"	"w2"	"w3"	"w4"	"w5"	"w6"	"w7"	"w8"	"w9"	"w10"	"w11"	"w12"	"w13"	"w14"	"w15"	"w16"	"w18"	"w19"	"w20"	"w21"	"w22"	"w23"	"w24"	"w25"	"w26"	"w27"	"w28"	"w29"	"w30"	"w31"	"w32"	"w33"	"w34"	"w35"	"w36"	"w38"	"w39"	"w40"	"w42"	"w43"	"w44"	"w45"	"w48"	"w49"	"w50"	"w51"	"w52"	"w53"	"w54"	"w55"	"w56"	"w58"	"w59"	"w60"	"w61"	"w62"	"w63"	"w64"	"w65"	"w66"	"w68"	"w69"	"w70"	"w71"	"w72"	"w73"	"w74"	"w75"	"w76"	"w78"	"w79"	"w80"	"w81"	"w82"	"w83"	"w84"
8.3375	29.22	12.91	0	0	5.25	0	0	0	0	0	0	0	0	0	0	0	0	0	0	0	0	0	0	0	0	0	0	0	0	0	0	0	0	0	0	0	0	0	0	0	0	0	0	0	0	0	0	0	0	0	0	0	0	0	0	0	0	0	0	0	0	0	0	0	0	0	12.23	0	0	0	0	0	0	0	0	0
9.015	31.85	0	0	0	0	0	0	0	0	0	0	0	0	0	0	0	0	0	0	0	0	0	0	0	0	0	0	0	0	0	0	0	0	0	0	0	0	0	0	0	0	0	0	0	0	0	0	0	0	0	0	0	0	0	0	0	0	0	0	0	0	0	0	0	0	1.1	0	0	0	0	0	0	0	0	0	0
9.63333333333333	0	0	0	0	0	0	0	2.36	0	0	0	0	0	0	0	0	0	0	0	0	0	0	0	0	0	0	0	0	0	0	0	0	0	0	0	0	0	0	0	2.69	0	0	0	0	0	0	0	0	0	0	0	0	0	2.34	0	0	0	0	0	8.83	8.89	7.24	0	0	0	1.01	0	8.46	0	0	0	0	0	2.33	0	0
9.82142857142857	33.27	0	0	0	0	0	0	0	0	0	3.67	0	0	0	0	0	0	0	0	0	0	7.6	0	0	0	0	0	0	0	0	0	0	0	0	0	0	0	0	0	0	0	0	0	0	0	2.1	0	0	0	0	0	0	0	0	0	0	0	0	0	0	0	0	0	0	0	1.38	7.67	0	5.3	0	0	0	0	0	0	0
9.865	0	8.4	0	0	3.41	0	0	0	0	0	0	0	0	0	0	0	0	0	0	0	0	0	0	0	0	0	0	0	0	0	0	0	0	0	0	0	0	0	0	0	0	0	0	0	0	0	0	0	0	0	0	0	0	0	0	0	0	0	0	0	0	0	0	0	0	0	0	0	0	0	0	0	0	0	0	0
9.92066666666667	0	0	0	0	0	0	16.84	0	0	0	0	12.05	0	10.07	15.52	0	0	0	0	0	0	0	0	0	0	0	0	0	16.93	0	0	8.2	3.92	0	0	0	0	0	0	0	0	0	0	0	0	0	5.24	0	0	0	28.12	15.09	0	3.84	0	0	0	0	0	20.32	19.93	18.43	0	0	0	0	0	16.72	0	0	0	0	0	0	0	0
10.7866666666667	32.68	4.72	0	0	5.13	0	0	0	0	0	0	0	0	0	0	0	0	0	0	0	0	0	0	0	0	0	0	0	0	0	0	0	0	0	0	0	0	0	0	0	0	0	0	0	0	0	0	0	0	0	0	0	0	0	0	0	0	0	0	0	0	0	0	0	0	0	0	0	0	0	0	0	0	0	0	0
11.025	8.16	8.45	0	0	0	0	0	0	0	0	0	0	0	0	0	0	0	0	0	0	0	0	0	0	0	0	0	0	0	0	0	0	0	0	0	0	0	0	0	0	0	0	0	0	0	0	0	0	0	0	0	0	0	0	0	0	0	0	0	0	0	0	0	0	0	0	0	0	0	0	0	0	0	0	0	0
11.456	0	0	0	0	0	0	0	0	0	0	0	0	0	0	0	3.83	0	13.6	0	0	0	0	0	0	0	0	0	0	0	0	0	0	0	0	0	0	0	0	0	0	0	0	0	0	0	4.97	0	0	0	0	0	0	0	0	12.99	0	0	0	0	0	0	0	0	0	0	5.83	0	0	0	0	0	0	0	0	0	0
11.58	0	0	0	0	0	0	0	0	0	0	0	0	0	0	0	0	0	0	0	0	0	0	0	0	0	0	0	0	0	0	0	0	0	0	0	0	0	0	0	0	0	0	0	0	0	0	0	0	0	0	0	0	0	0	0	2.18	0	0	0	0	0	0	0	0	0	1.06	0	0	0	0	0	0	0	0	0	0
11.7642857142857	0	0	0	0	0	0	0	0	0	7.29	0	0	0	0	0	11.43	0	37.56	0	0	0	0	0	0	0	12.4	0	0	0	0	0	0	0	0	0	0	0	0	16.98	0	0	0	0	0	0	24.6	14.71	0	0	0	0	0	0	0	23.13	1.51	0	0	0	0	0	15.4	0	0	0	17.43	0	0	13.04	0	0	9.9	4.35	0	0	0
12.101	0	0	0	0	0	0	0	0	1.74	9.39	0	7.86	0	9.06	0	10.26	3.93	43.98	0	4	0	0	0	34.86	5.55	17.54	2.78	0	0	0	0	0	0	29.08	0	0	0	0	11.67	0	0	32.28	1.73	0	0	22.76	22.51	11.54	0	0	0	0	4.33	0	32	2.94	9.23	0	0	0	0	37.16	0	0	0	9.23	0	0	16.85	0	2.8	12.59	6.54	0	0	3.02
12.2166666666667	0	0	0	0	0	0	0	0	0	0	0	0	0	0	0	2.63	0	0	0	0	0	0	0	0	0	0	0	0	0	0	0	0	0	0	0	0	0	0	0	0	0	0	0	0	0	0	0	0	0	0	0	0	0	0	0	0.91	0	0	0	0	0	0	0	0	0	3.16	0	0	0	0	0	0	0	0	0	0
12.3	0	0	0	0	0	0	0	0	0	0	0	0	0	0	0	3.96	0	0	0	0	0	0	0	0	0	0	0	0	0	0	0	0	0	0	0	0	0	0	8.57	0	0	0	0	0	0	2.69	0	0	0	0	0	0	0	0	7.88	1.01	0	0	0	0	0	0	0	0	0	6.09	0	0	0	0	0	0	0	0	0	0
12.315	0	0	0	0	0	0	0	0	0	0	0	0	0	0	0	0	0	5.5	0	0	0	0	0	0	0	0	0	0	0	0	0	0	0	0	0	0	0	0	0	0	0	0	0	0	0	2.06	0	0	0	0	0	0	0	0	0	0	0	0	0	0	0	0	0	0	0	0	0	0	0	0	0	0	0	0	0	0
12.455	0	0	0	0	0	0	0	0	0	0	0	0	0	0	0	0	0	0	0	0	0	0	0	0	0	0	0	0	0	0	0	0	0	0	0	0	0	0	0	0	0	0	0	0	0	0	0	0	0	0	0	0	0	0	0	1.25	0	0	0	0	0	0	0	0	0	2.28	0	0	0	0	0	0	0	0	0	0
12.565	0	0	0	0	0	0	0	0	0	0	0	0	0	0	0	0	0	5.33	0	0	0	0	0	0	0	0	0	0	0	0	0	0	0	0	0	0	0	0	0	0	0	0	0	0	0	0	0	0	0	0	0	0	0	0	0	0	0	0	0	0	0	0	0	0	0	1.97	0	0	0	0	0	0	0	0	0	0
12.6	0	0	0	0	0	0	0	0	0	0	0	0	0	0	0	2.67	0	0	0	0	0	0	0	0	0	0	0	0	0	0	0	0	0	0	0	0	0	0	0	0	0	0	0	0	0	0	0	0	0	0	0	0	0	0	0	1.45	0	0	0	0	0	0	0	0	0	0	0	0	0	0	0	0	0	0	0	0
12.63	0	0	0	0	0	0	0	4.76	0	0	0	0	0	0	0	0	0	0	0	0	0	0	0	0	0	0	0	0	0	0	0	0	0	0	0	0	0	0	0	3.89	0	0	0	0	4.27	0	0	0	0	0	0	0	0	0	0	0	0	0	0	0	0	0	0	0	0	0	0	0	0	0	0	0	0	3.45	0	0
12.6808333333333	0	0	0	0	0	0	0	0	0	8.04	0	0	0	0	0	7.84	0	12.77	0	0	0	0	0	0	0	0	0	0	0	0	0	0	0	0	0	0	0	0	11.19	0	0	0	0	0	0	11.06	17.95	0	0	0	0	0	0	0	26.01	2.69	0	0	0	0	0	28.08	0	0	0	9.44	0	0	13.73	0	0	10.01	0	0	0	0
12.8025	0	0	0	0	0	0	0	0	0	0	0	0	0	0	0	4.26	0	4.18	0	0	0	0	0	0	0	0	0	0	0	0	0	0	0	0	0	0	0	0	0	0	0	0	0	0	2.21	3.23	0	0	0	0	0	0	0	0	12.06	2.69	0	0	0	0	0	0	0	0	0	4.52	0	0	6.19	0	0	0	0	0	0	0
13.0324528301887	0	0	8.42	0	0	0	0	0	1.8	30.54	7.85	15.23	0	17.55	9.96	41.15	17.34	146.42	0	4.91	0	0	0	48.53	18.03	68.97	4.6	8.21	13.79	4.4	0	0	3.4	53.92	8.02	2.57	0	4.04	47.79	2.69	10.08	54.26	3.78	55.92	0	71.56	43.09	22.87	17.86	9.18	34.25	0	12.38	1.83	74.13	6.73	10.74	9.4	7.61	0	0	72.69	8.3	0	9.3	33.2	0	0	40.73	25.07	11.31	53.21	21.72	0	3.56	4.94
13.11	0	16.13	0	0	6.2	0	0	0	0	0	0	0	0	0	0	0	0	0	0	0	0	0	0	0	0	0	0	0	0	0	0	0	0	0	0	0	0	0	0	0	0	0	0	0	0	0	0	0	0	0	0	0	0	0	0	0	0	0	0	0	0	0	0	0	0	0	0	0	0	0	0	0	0	0	0	0
13.22	42.88	0	0	0	0	0	0	0	0	0	0	0	0	0	0	0	0	0	0	0	0	0	0	0	0	0	0	0	0	0	0	0	0	0	0	0	0	0	0	0	0	0	0	0	0	0	0	0	0	0	0	0	0	0	0	0.78	0	0	0	0	0	0	0	0	0	3.49	0	0	0	0	0	0	0	0	0	0
13.4240625	0	0	14.13	7.56	0	0	20.99	10.85	14.04	21.28	20.07	47.49	11.53	65.55	117.75	32.12	32.09	205.7	3.76	35.61	7.08	0	11.29	261.62	50.39	102.69	22.93	8.82	43.79	5.59	1.82	11.35	10.07	278.47	19.09	0	18.24	0	33.57	12.02	29.62	81.93	13.68	87.15	9.92	72.8	32.86	90.9	31.54	8.46	61.25	0	27.44	0	73.78	4.79	64.47	25.26	11.97	0	11.08	65.62	0	13.43	21.61	17.06	0	21.54	24.61	43.15	14.64	76.27	39.03	3.15	12.74	27.58
13.514	24.45	70.55	0	0	21.09	0	0	0	0	0	0	0	0	0	0	0	0	0	0	0	0	0	0	0	0	0	0	0	0	0	0	0	0	0	0	0	0	0	0	0	0	0	0	0	0	0	0	0	0	0	0	0	0	0	0	0.55	0	0	0	0	0	0	0	0	0	2.92	0	0	0	0	0	0	0	0	0	0
13.595	0	0	0	0	0	0	0	0	0	7.48	0	0	0	0	0	19.82	0	33.12	0	0	0	0	0	0	0	12.68	0	0	0	0	0	0	0	0	0	0	0	0	12.75	0	0	14.86	0	0	0	16.43	14.68	0	0	0	0	0	0	0	27.54	1.95	0	0	0	0	0	33.22	0	0	0	9.96	0	0	17.78	0	5.31	9.07	8.74	0	0	0
13.625	0	0	0	0	0	0	0	0	0	6.01	0	0	0	0	0	0	0	0	0	0	0	0	0	0	0	0	0	0	0	0	0	0	0	0	0	0	0	0	0	0	0	30.39	0	0	0	0	0	0	0	0	0	0	0	0	0	0	0	0	0	0	0	0	0	0	0	0	0	0	0	0	0	0	0	0	0	0
13.71	0	0	0	0	0	0	0	0	0	5.44	0	0	0	0	0	7.75	0	21.84	0	0	0	0	0	0	0	15.2	0	0	0	0	0	0	0	0	0	0	0	0	3.43	0	0	0	0	0	0	4.67	7.81	0	0	0	0	0	0	0	13.32	0	0	0	0	0	0	0	0	0	0	6.34	0	0	11	0	0	10.98	0	0	0	0
13.72	0	0	0	0	0	0	0	0	0	0	0	0	0	0	0	0	0	0	0	0	0	0	0	0	0	0	0	0	0	0	0	0	0	0	0	0	0	0	4.09	0	0	0	0	0	0	4.77	0	0	0	0	0	0	0	0	0	0	0	0	0	0	0	0	0	0	0	0	0	0	0	0	0	0	0	0	0	0
13.8677777777778	0	0	0	0	0	0	0	0	1.51	0	0	0	0	11.24	17.43	4.34	0	19.43	0	0	0	0	0	15.77	0	11.33	0	0	0	0	0	0	0	27.86	0	0	0	0	3.39	0	0	0	0	0	0	4.09	0	0	0	0	0	0	0	0	9.22	2.76	7.74	0	0	0	0	0	0	0	0	3.98	0	0	5.47	0	0	8.64	4.5	0	0	3.38
13.9489473684211	0	9.17	0	0	0	0	0	0	0	8.9	0	0	0	0	0	5.65	0	18.77	0	0	0	0	0	9.36	0	13.09	0	0	0	0	0	0	0	12.15	0	0	0	0	4.88	0	0	29.97	2.52	0	0	8.8	8.74	0	0	0	0	0	0	0	12.76	0	0	0	0	0	0	14.97	0	0	0	3.57	0	0	7.53	0	4.29	8.02	4.5	0	0	0
14.1060655737705	0	0	0	6.32	0	0	0	5.38	1.7	24.12	5.29	17.22	7.31	17.8	24.14	24.49	10.33	81.64	0	7.05	2.46	0	7.19	46.99	11.22	60.16	4.58	0	26.98	3.18	2.17	8.08	3.77	62.67	14.98	4.46	9.24	6.86	23.79	8.63	10.54	81.63	3.84	42.69	8.01	35.58	29.85	28.99	10.51	0	41.26	12.54	14.34	4.44	62.32	2.02	15.11	0	8.18	0	13.37	51.92	6.02	0	12.71	17.82	0	17.98	40.49	14.82	8.55	43.97	16.99	5.08	0	3.95
14.1875	11.66	17.14	0	0	12.66	0	0	0	0	0	0	0	0	0	0	0	0	0	0	0	0	0	0	0	0	0	0	0	0	0	0	0	0	0	0	0	0	0	0	0	0	0	0	0	0	0	0	0	0	0	0	0	0	0	0	0.79	0	0	0	0	0	0	0	0	0	0	0	0	0	0	0	0	0	0	0	0
14.255	0	0	0	0	0	0	0	0	0	0	0	0	0	0	0	0	0	0	0	0	0	0	0	0	0	0	0	0	0	0	0	0	0	0	0	0	0	0	0	0	0	0	0	0	2.67	0	0	0	0	0	0	0	0	0	0	1.98	0	0	0	0	0	0	0	0	0	0	0	0	0	0	0	0	0	0	0	0
14.31	0	0	0	0	0	0	0	0	0	0	0	0	0	0	0	4.74	0	0	0	0	0	0	0	0	0	0	0	0	0	0	0	0	0	0	0	0	0	0	0	0	0	0	0	0	0	0	0	0	0	0	0	0	0	0	0	0.96	0	0	0	0	0	0	0	0	0	2.83	0	0	0	0	0	0	0	0	0	0
14.445	0	0	0	0	0	0	0	0	0	0	0	0	0	0	0	0	0	0	0	0	0	0	0	0	0	0	0	0	0	0	0	0	0	0	0	0	0	0	0	0	0	0	0	0	0	0	0	0	0	0	0	0	0	0	5.79	0.71	0	0	0	0	0	0	7.81	0	0	0	0	0	3.15	0	0	0	0	0	0	0
14.5424242424242	0	0	36.28	10.14	0	0	17.84	3.4	8.91	73.43	18.39	48.14	12.49	62.75	61.57	91.55	64.35	378.73	4.78	19.01	4.71	17	14.08	199.29	53.32	280.75	17.32	8.11	41.06	10.25	2.44	11.31	7.85	245.66	42.51	0	15.31	0	98.06	11.13	32.16	151.97	15.21	186.24	9.59	167.56	70.74	95.02	44.12	7.41	116.96	0	32.34	4.34	141.03	5.89	46.81	29.43	24.19	17.46	23.28	168.11	0	18.6	40.06	46.3	0	0	76.08	97.42	30.23	218.47	65.32	5.13	14.22	14.27
14.6225	21.42	58.22	0	0	23.47	0	0	0	0	0	0	0	0	0	0	0	0	0	0	0	0	0	0	0	0	0	0	0	0	0	0	0	0	0	0	0	0	0	0	0	0	0	0	0	0	0	0	0	0	0	0	0	0	0	0	1.53	0	0	0	0	0	0	0	0	0	0	0	0	0	0	0	0	0	0	0	0
14.9355555555556	0	0	0	0	0	0	0	0	0	43.99	0	0	0	0	0	0	0	0	10	0	0	0	18.08	0	0	0	0	0	0	0	0	0	0	0	0	0	0	0	34.11	0	0	0	0	0	10.24	94.87	0	0	0	0	0	0	0	0	0	1.94	0	0	0	0	0	57.42	0	0	0	0	0	0	0	0	33.34	0	0	0	0	0
14.9678571428571	0	0	28.65	10.81	0	0	30.41	9.38	14.56	0	29.32	45.61	13.63	75.51	130.67	56.93	43.98	233.46	0	31.88	8.51	0	0	243.22	61.83	206.21	20.99	18.4	46.99	8.11	2.69	12.5	11.61	0	28.67	4.85	16.49	5.77	0	13.61	33.12	158.51	26.56	99.49	0	0	41.34	100.11	58.06	15.67	80.24	0	31.73	0	100.06	2.49	63.77	59.25	24.97	0	0	0	0	24.14	26.74	9	0	20.11	40.76	59.94	0	140.44	82.48	3.81	26.96	24.55
15.0083333333333	0	0	0	0	31.05	0	0	0	0	0	0	0	0	0	0	0	0	0	0	0	0	0	0	0	0	0	0	0	0	0	0	0	0	348.73	0	0	0	0	10.13	0	0	0	0	0	0	0	0	0	0	0	0	0	0	0	0	2.45	0	0	0	0	0	0	0	0	0	9.94	45.76	0	0	0	0	0	0	0	0	0
15.046	23.39	72.15	0	0	0	0	0	0	0	0	0	0	0	0	0	0	0	0	0	0	0	0	0	0	0	0	0	0	0	0	0	0	0	0	0	0	0	0	0	0	0	0	0	0	0	0	0	0	0	0	0	0	0	0	0	2.55	0	0	0	0	0	19.68	0	0	0	0	0	0	3.47	0	0	0	0	0	0	0
15.09	0	0	0	0	0	0	0	0	0	18.59	0	0	0	0	0	19.17	0	0	0	0	0	0	0	0	0	0	0	0	0	0	0	0	0	0	0	0	0	0	0	0	0	21.81	0	0	0	0	13.46	0	0	0	25.01	0	0	0	20.72	2.48	0	0	0	0	0	10.23	0	0	0	10.99	0	0	17.15	0	0	0	0	0	0	0
15.1851282051282	0	0	0	0	0	0	0	0	1.43	33.75	4.34	5.36	0	6.14	0	36.24	6.24	50.9	0	0	0	0	0	22.64	5.82	41.74	2.27	0	7.62	0	0	0	0	28.68	0	0	0	0	17.22	0	5.49	75.7	4.79	21.28	4.1	29.99	19	16.99	7.49	2.57	38.94	0	6.51	0	38.93	5.13	8.37	0	0	0	0	32.34	0	0	0	11.91	0	0	21.83	11.64	9.32	25.41	16.68	0	3.76	1.7
15.3211538461538	0	0	0	0	0	0	0	0	0	14.62	0	0	0	0	0	19.6	6.74	52.42	0	0	0	0	0	21.08	0	43.16	0	0	0	0	0	0	0	23.82	0	0	0	0	15.04	0	0	32.85	1.89	20.45	0	22.3	13.24	0	4.97	0	0	0	3.69	0	30.13	3	4.44	0	0	0	0	29.18	0	0	0	9.85	0	0	20.09	11.54	4.94	30.86	10.68	0	0	1.34
15.45	0	0	0	0	4.11	0	0	0	0	4.87	0	0	0	10.35	13.83	8.56	5.04	15.44	0	0	0	0	0	10.75	0	23.87	0	0	0	0	0	0	0	25.16	0	0	0	0	5.07	0	0	0	1.43	0	0	6.78	6.43	0	4.24	0	0	0	0	0	15.8	3.26	0	0	0	0	0	8.29	0	0	0	5.95	0	0	9.59	7.71	2.75	14.92	9.96	0	0	2.19
15.6544444444444	0	0	0	0	5.65	0	0	0	0	0	0	0	0	0	0	1.16	0	3.61	0	0	0	0	0	0	0	8.38	0	0	0	0	0	0	0	12.15	0	0	0	0	0	0	0	0	1.25	0	0	0	0	0	0	0	0	0	0	0	0	1.61	0	0	0	0	0	0	0	0	0	0	0	0	0	0	0	5.92	5.61	0	0	0
15.7663636363636	0	0	32.27	7.69	0	0	31.86	6.24	4.39	42.19	13.63	14.06	10.39	20.67	23.29	49.17	24.25	0	5.68	10.88	0	13.14	10.68	48.88	21.28	160.87	5.89	10.57	18.17	5.67	1.72	0	3.28	0	24.58	0	0	6.94	36.88	7.01	15.31	52.49	9.84	78.59	9.26	53.29	0	0	32.41	7.12	69.47	0	12.42	5.47	73.06	9.31	16.65	45.38	21.09	0	0	0	0	13.65	16.6	27.3	0	0	43.06	0	21.04	0	45.36	7.07	15.45	4.5
15.79	0	0	0	0	0	0	0	0	0	0	0	0	0	0	0	0	0	122.3	0	0	0	0	0	0	0	0	0	0	0	0	0	0	0	79.02	0	0	0	0	0	0	0	62.66	0	0	0	0	34.37	36.03	0	0	0	0	0	0	0	0	0	0	0	0	0	72.77	0	0	0	0	30.81	0	0	38.81	0	95.84	0	0	0	0
15.9554545454545	0	0	24.91	4.99	0	0	0	4.77	4.02	20.37	14.82	0	6.82	14.29	25.32	21.45	10.19	42.56	4.21	5.79	0	16.7	6.78	27.36	23.53	55.2	3.41	12.26	0	5.73	0	0	0	62.7	10.44	0	0	0	8.18	4.78	7.82	46.92	10.23	27.8	5.76	14.13	8.9	15.09	17.48	18.14	33.63	0	6.74	0	25.33	6.4	11.45	40.14	8.43	0	0	18.49	0	12.56	12.31	6.61	0	0	10.84	14.9	10.7	36.8	24.05	3.97	10.74	5.95
16.0366666666667	22.54	12.71	0	0	14.19	0	0	0	0	0	0	0	0	0	0	0	0	0	0	0	0	0	0	0	0	0	0	0	0	0	0	0	0	0	0	0	0	0	0	0	0	0	0	0	0	0	0	0	0	0	0	0	0	0	0	0	0	0	0	0	0	0	0	0	0	0	0	0	0	0	0	0	0	0	0	0
16.37	0	0	0	0	46.06	8.63	0	0	0	0	0	0	0	0	0	0	0	0	0	0	0	0	0	0	0	0	0	0	0	0	0	0	0	0	0	0	0	0	0	0	0	0	0	0	0	0	0	0	0	0	0	0	0	0	0	2.7	0	0	0	0	0	0	0	0	0	0	0	0	0	0	0	0	0	0	0	0
16.405	92.38	105.34	0	0	0	0	0	0	0	0	0	0	0	0	0	0	0	0	0	0	0	0	0	0	0	0	0	0	0	0	0	0	0	0	0	0	0	0	0	0	0	0	0	0	0	0	0	0	0	0	0	0	0	0	0	0	0	0	0	0	0	0	0	0	0	0	0	0	0	0	0	0	0	0	0	0
16.6607692307692	0	0	15.93	7.44	0	0	0	0	3.01	0	7.25	0	0	0	8.17	0	5.76	0	0	0	0	8.1	0	0	0	0	0	0	0	0	0	0	0	0	0	0	0	0	0	0	0	0	0	0	0	0	0	0	0	12.85	0	0	0	0	0	1.66	0	0	5.48	0	0	0	0	0	10.17	0	0	0	0	17.48	0	0	0	0	0	4.4
16.8127272727273	0	0	192.44	0	0	4.77	0	0	0	0	0	0	0	0	407.2	0	0	449.02	0	0	0	0	0	525.52	0	689.59	0	0	0	0	0	0	0	817.96	0	0	0	0	0	0	0	0	0	0	0	0	0	0	0	0	0	0	0	0	0	8.97	0	0	0	0	0	0	0	0	0	12.55	170.15	0	0	0	0	480.79	0	0	0	0
16.905	76.25	177.69	0	0	82.35	0	0	0	0	5.68	0	0	0	0	0	19.64	1.74	0	0	0	0	0	0	0	0	0	0	0	0	0	0	0	0	0	0	0	0	0	0	0	0	0	0	0	0	0	0	0	0	0	0	0	0	0	0	2.81	0	0	0	0	0	9.32	0	0	0	6.05	0	0	17.35	0	1.16	0	3.21	0	0	0
16.954	0	0	0	0	0	0	0	0	0	0	0	0	0	0	0	0	0.76	25.21	0	0	0	0	0	0	0	33.42	0	0	0	0	0	0	0	0	0	0	0	0	0	0	0	0	0	0	0	0	0	0	0	0	0	0	0	0	0	0	0	0	0	0	0	0	0	0	0	0	0	0	9.59	0	0	25.95	0	0	0	0
16.9996551724138	0	0	0	0	0	0	0	0	0	39.52	5.11	0	0	15.13	0	43.19	8.05	75.7	0	0	0	0	0	20.8	9.68	0	0	0	11.73	0	0	0	0	0	0	0	0	0	26.84	0	0	0	6.97	49.56	0	23.53	24.82	21.57	15.25	3.58	0	0	6.58	0	57.71	4.39	8.42	11.08	0	0	0	36.64	0	0	0	14	0	0	18.01	25.41	13.05	0	27.4	0	5.3	0
17.035	0	0	0	0	0	0	0	0	0	0	0	0	0	0	0	0	0	0	0	0	0	0	0	0	0	105.55	0	0	0	0	0	0	0	37.51	0	0	0	0	0	0	0	87.17	0	0	0	0	0	0	0	0	66.94	0	0	0	0	0	0	0	0	0	0	0	0	0	0	0	11.88	0	0	0	0	61.62	0	0	0	0
17.1739130434783	0	0	6.59	0	0	0	0	0	0	18.44	0	0	0	0	0	18.55	10.06	45.98	0	0	0	0	0	0	0	0	0	0	0	0	0	0	0	0	0	0	0	0	12.07	0	0	0	2.42	37.64	0	16.88	10.82	0	8.13	0	26.72	0	3.78	0	17.54	1.11	0	0	6.93	0	0	7.89	0	0	0	8.91	0	0	21.55	21.97	6.19	57.97	14.01	0	0	0
17.2025	0	0	0	0	0	0	0	0	0	0	0	0	0	0	0	0	0	0	0	0	0	0	0	0	0	85.89	0	0	0	0	0	0	0	0	0	0	0	0	0	0	0	46.33	0	0	0	0	0	0	0	0	0	0	0	0	0	0	0	0	0	0	0	10.14	0	0	0	0	8.33	0	0	0	0	0	0	0	0	0
17.2503225806452	0	0	8.98	0	3.71	0	0	0	2.35	0	8.89	13.14	0	26.01	44	0	13.85	26.87	0	8.17	0	0	0	56.54	22.67	0	4.9	8.59	0	0	0	0	0	0	0	0	0	0	0	5.35	0	0	6.86	21.18	0	0	0	31.27	14.83	5.15	16.2	0	4.49	0	0	0	16	26.03	11.29	0	0	0	0	0	0	0	0	0	0	17.61	4.51	36.83	28.26	0	8.77	5.97
17.29	0	0	0	0	0.97	0	0	0	0	0	0	0	0	0	0	0	0	0	0	0	0	0	0	0	0	48.86	0	0	0	0	0	0	0	127.12	0	0	0	0	0	0	0	0	0	0	0	0	0	0	0	0	0	0	0	0	0	0	0	0	0	0	0	0	0	0	0	0	12.78	0	0	0	0	0	0	0	0	0
17.3433333333333	0	0	0	0	3.44	0	0	0	0	3.31	0	0	0	0	0	0	5.14	18.48	0	0	0	0	0	0	0	0	0	0	0	0	0	0	0	0	0	0	0	0	0	0	0	0	0	0	0	0	0	0	1.89	0	0	0	0	0	14.26	2.38	0	0	0	0	0	0	0	0	0	6.11	0	0	10.51	8.79	2.52	0	3.54	0	0	0
17.37	0	22.92	0	0	0	0	0	0	0	0	0	0	0	0	0	9.49	0	0	0	0	0	0	0	0	0	40.72	0	0	0	0	0	0	0	6.54	0	0	0	0	4.3	0	0	0	0	0	0	0	0	0	0	0	0	0	0	0	4.18	0	0	0	0	0	0	12.22	0	0	0	0	0	0	0	0	0	27.58	0	0	0	0
17.4420833333333	0	0	0	0	0	0	0	0	3.97	16.11	0	0	0	33.82	0	14.98	21.29	0	3.61	0	4.88	0	0	0	27.15	0	0	0	0	0	0	0	6.07	0	0	0	0	0	0	0	0	0	0	0	7.78	22.33	14.79	0	31.12	0	0	0	10.56	0	3.58	3	0	38.26	18.8	0	0	21.25	0	0	0	3.29	0	0	14.02	0	0	0	45.49	2.76	0	8.67
17.4545454545455	0	0	15.77	12.43	0	0	0	7.92	0	0	13.84	13.87	0	0	60.92	7.25	0	73.9	0	11.01	0	0	13.29	72.33	0	0	6.3	10.52	29.14	3.91	0	0	0	0	28.93	0	0	0	9.79	5.67	19.27	69.95	14.66	53.31	0	0	0	37.09	0	8.24	56.47	0	0	0	19.09	0	18.86	0	0	0	0	0	0	0	29.24	4.14	0	0	0	31.42	14.24	78.44	0	0	14.55	0
17.5	0	0	0	0	0	0	0	0	0	0	0	0	0	0	0	0	0	0	0	0	0	0	0	0	0	118.28	0	0	0	0	0	0	0	162	0	0	0	0	0	0	0	0	0	0	0	0	0	0	0	0	0	0	0	0	0	1.48	0	0	0	0	0	0	0	0	0	0	26.4	0	0	0	0	0	0	0	0	0
17.56	0	30.23	0	0	10.56	0	0	0	0	0	0	0	0	0	0	0	0	0	0	0	0	0	0	0	0	0	0	0	0	0	0	0	0	0	0	0	0	0	0	0	0	0	0	0	0	0	0	0	0	0	0	0	0	0	0	0	0	0	0	0	0	0	0	0	0	0	0	0	0	0	0	0	0	0	0	0
17.7012698412698	0	0	30.56	13.8	0	0	25.82	7.69	7.41	42.08	19.48	26.72	8.72	51.66	90.33	58.32	52.59	166.69	4.83	18.18	5.04	19.46	12.12	112.91	45.45	0	11.41	16.21	29.46	8.94	2.08	8.44	6.92	0	30.36	0	10.33	8.49	31.26	15.62	22.67	0	19.78	0	10.27	58.65	29.86	63.44	50.29	13.93	90.2	0	19.12	4.12	59.04	2.18	33.1	47.57	35.6	0	13.84	67.6	0	18.88	32.06	26.53	0	17.35	50.51	71.9	22.85	190.01	74.02	7.43	20.92	16.66
17.74	0	0	0	0	0	0	0	0	0	0	0	0	0	0	0	0	0	0	0	0	0	0	0	0	0	298.27	0	0	0	0	0	0	0	253.94	0	0	0	0	0	0	0	90.44	0	120.4	0	0	0	0	0	0	0	0	0	0	0	0.98	0	0	0	0	0	0	0	0	0	0	46.61	0	0	0	0	0	0	0	0	0
17.81	16.14	46.78	0	0	19.51	0	0	0	0	15.77	0	0	0	0	0	0	0	0	0	0	0	0	0	0	0	0	0	0	0	0	0	0	0	0	0	0	0	0	0	0	0	20.11	0	0	0	0	1.22	0	0	0	0	0	0	0	0	1.69	0	0	0	0	0	0	0	0	0	0	0	0	0	0	0	0	0	0	0	0
17.86	0	0	0	0	0	0	0	0	0	0	0	11.35	6.44	0	0	0	0	0	5.69	4.06	2.62	12.04	7.09	0	0	0	0	0	0	0	0	8.69	2.73	0	0	10.26	0	0	0	0	5.06	0	0	0	0	0	0	0	0	0	0	28.33	6.8	3.78	0	1.01	0	0	6.86	0	0	14.87	14.86	15.08	0	0	0	0	0	0	0	0	4.12	0	0	0
17.8748484848485	0	0	0	5.04	0	0	19.91	0	0	0	5.33	0	0	9.73	14.92	4.37	0	6.87	0	0	0	0	0	20.17	7.28	0	2.29	6.84	14.48	4.72	1.56	0	0	22.35	8.44	0	13.12	7.3	6.96	0	0	39.01	0	20.1	0	0	10.83	18.51	0	0	32.67	0	0	0	25.63	3.33	7.19	0	0	34.32	17.78	0	0	0	10.76	0	0	19.65	14.97	0	1.45	0	0	0	0	0
17.92	0	0	0	0	0	6.14	0	0	0	0	0	0	0	0	0	0	0	0	0	0	0	0	0	0	0	0	0	0	0	0	0	0	0	0	0	0	0	0	0	0	0	0	0	0	0	0	0	0	0	0	0	0	0	0	0	0.6	0	0	0	0	0	0	0	0	0	0	9.84	0	0	0	0	0	0	0	0	0
17.9675	12.02	14.95	0	0	7.71	0	0	0	0	0	0	0	0	0	0	0	0	0	0	0	0	0	0	0	0	0	0	0	0	0	0	0	0	0	0	0	0	0	0	0	0	0	0	0	4.31	0	0	0	0	0	0	0	0	0	0	0	0	0	0	0	0	0	0	0	0	0	0	0	0	0	0	0	0	0	0	0
18.0071428571429	0	0	0	0	0	0	0	0	0	5.49	0	0	0	0	0	7.25	0	4.81	0	0	0	0	0	0	0	0	0	0	0	0	0	0	0	0	0	0	0	0	0	0	0	0	0	0	0	0	0	0	0	0	0	0	0	0	7.8	2.94	0	0	0	0	0	0	0	0	0	4.23	0	0	6.45	0	0	0	0	0	0	0
18.13	0	0	0	0	0	0	0	0	0	0	0	0	0	0	0	3.07	0	0	0	0	0	0	0	0	0	0	0	0	0	0	0	0	0	0	0	0	0	0	0	0	0	0	0	0	0	0	0	0	0	0	0	0	0	0	0	0.83	0	0	0	0	0	0	0	0	0	0	0	0	0	0	0	0	0	0	0	0
18.2857142857143	0	0	0	42.05	0	8.6	0	0	0	0	0	0	0	0	0	0	323.96	0	0	0	0	0	0	0	0	0	0	0	0	0	0	3.99	0	0	177.19	0	0	0	0	0	0	0	0	0	0	0	0	0	0	0	0	0	0	0	0	0	0	0	0	0	0	0	0	0	0	0	0	0	0	0	0	0	136.3	0	56.59	0
18.3298	0	0	333.97	0	0	0	56.12	36.65	91.37	0	113.08	222.25	75.23	304.8	299.95	91.51	0	346.71	0	170.65	32.09	0	37.35	0	418.38	0	96.85	0	182.83	67.2	4.9	47.18	72.06	318.83	128.6	0	69.88	10.22	0	47.63	180.56	149.52	51.24	519.14	59.6	114.93	0	0	0	68.69	314.95	0	171.96	0	0	2.15	262.08	0	0	37.26	55.26	0	0	62.68	103.53	0	155.1	112.25	0	520.3	140.6	946.28	121.18	13.67	38.8	142.06
18.3571428571429	0	0	0	50.87	0	2.25	0	0	0	0	0	0	0	0	0	0	0	0	0	0	0	0	0	0	0	1200.87	0	0	0	0	0	0	0	106.32	0	0	0	0	0	0	0	60.21	0	0	0	0	0	0	0	0	119.46	0	0	0	0	1.9	0	0	0	0	0	0	0	0	0	0	0	0	0	0	0	0	0	0	0	0
18.3871428571429	0	0	0	0	0	0	0	0	0	0	0	0	0	0	0	0	0	541.6	0	0	0	0	0	0	0	0	0	0	0	0	0	0	0	441.05	0	0	0	0	0	0	0	233.03	0	360.83	0	0	0	463.62	0	0	0	0	0	0	0	4.33	0	0	0	0	0	0	0	0	0	0	146.59	0	0	0	0	0	0	0	0	0
18.43	0	0	0	0	107.37	0	0	0	0	0	0	0	0	0	0	0	0	0	0	0	0	0	0	1007.88	0	0	0	0	0	0	0	0	0	0	0	0	0	0	0	0	0	0	0	0	0	0	0	0	0	0	0	0	0	0	0	0	0	0	0	0	0	0	0	0	0	0	0	0	0	0	0	0	0	0	0	0
18.4666666666667	243.76	244.81	0	0	0	0	0	0	0	0	0	0	0	0	0	1.29	0	0	0	0	0	0	0	0	0	0	0	0	0	0	0	0	0	0	0	0	0	0	0	0	0	0	0	0	0	0	0	0	0	0	0	0	0	0	0	0	0	0	0	0	0	0	0	0	0	0	0	0	0	0	0	0	0	0	0	0
18.578	0	0	0	17.83	0	7.95	0	0	0	0	0	0	0	0	0	3.86	0	0	0	0	0	0	0	32.57	0	0	0	0	0	0	0	0	0	34.33	0	0	0	0	0	0	0	29.9	0	0	0	0	0	0	0	0	44.79	0	0	0	0	1.67	0	0	0	0	0	0	0	0	0	1.41	0	0	4.46	0	0	0	0	0	0	0
18.7464	0	0	0	0	0	0	42.14	0	0	43.36	31.17	0	8.34	0	0	29.2	0	0	43.94	0	0	0	25.22	0	0	0	0	0	0	0	2.9	0	0	0	0	4.98	0	7.71	23.93	0	0	0	31.53	0	5.05	51.36	14.44	0	96.72	22.5	0	0	0	0	0	0	0	0	0	0	0	39.47	0	30.63	0	9.9	0	8.83	20.45	0	50.05	0	0	4.25	37.56	0
18.7966666666667	0	0	51.49	0	0	2.71	0	20	0	0	0	0	17.16	0	0	0	0	0	0	0	15.5	0	0	0	0	0	0	0	0	0	0	0	19.74	0	0	1.3	0	0	0	0	0	115.49	0	0	13.95	54.65	0	0	0	0	62.2	0	0	0	0	0	0	82.35	0	0	0	0	0	0	0	4.05	0	0	0	0	0	0	81.96	10.31	0	0
18.8258333333333	0	0	0	33.59	82.84	0	45.89	0	27.12	28.56	45.02	58.45	0	106.22	225.59	31.69	110.74	0	0	53	0	40.02	23.04	0	122.01	0	32.57	62.28	68.25	20.26	3.91	21.32	0	0	75.29	5.92	28.74	11.84	20.1	23.14	58.76	0	42.84	0	0	0	16.97	0	74.98	32.55	109.22	0	48.87	0	118.89	1.21	80.72	139.56	84.38	19.61	19.96	0	0	42.92	74.8	0	0	26.43	0	0	38.94	0	127.82	0	48.47	41.39
18.8661538461538	0	0	83.24	0	0	2.27	0	0	0	0	0	0	0	0	0	0	0	283.21	0	0	0	0	0	287.64	0	0	0	0	0	0	0	0	0	0	0	0	0	0	0	0	0	119.53	0	229.13	0	0	0	163.97	0	0	0	0	0	0	0	0	0	0	0	0	0	120.05	0	0	0	17.31	137.5	0	58.02	183.47	0	378.79	0	0	0	0
18.912	40.19	0	0	0	0	0	0	0	0	0	0	0	0	0	0	0	0	0	0	0	0	0	0	0	0	516.79	0	0	0	0	0	0	0	488.61	0	0	0	0	0	0	0	0	0	0	0	0	0	0	0	0	0	0	0	0	0	5	0	0	0	0	0	0	0	0	0	3.18	0	0	0	0	0	0	0	0	0	0
18.9716666666667	0	101.31	0	0	0	0	0	0	0	0	0	0	0	0	0	6.73	0	0	0	0	0	0	0	0	0	0	0	0	0	0	0	0	0	0	0	0	0	0	0	0	0	0	0	0	0	0	0	0	0	0	0	0	0	0	16.22	1.25	0	0	0	0	0	0	0	0	0	9.18	0	0	19.87	0	0	0	0	0	0	0
19.0253333333333	0	0	0	0	0	0	0	0	5.16	0	0	21.04	0	34.85	0	0	0	0	0	13.28	0	5.04	0	0	0	0	9.16	0	0	7.62	0	0	7.25	0	0	0	0	0	0	7.14	0	0	0	0	11.27	0	0	0	0	0	0	0	0	0	0	2.05	26.44	0	28.69	0	0	0	0	0	0	0	0	0	11.57	0	0	0	0	0	0	12.48
19.0654761904762	0	0	0	9.75	0	0	26.48	0	0	94.17	11.26	0	17.61	0	41.63	64.11	40.6	0	6.19	0	0	10.15	15.79	79.76	33.56	0	0	12.2	12.02	0	2.84	0	0	0	34.08	0	0	8.98	31.66	0	20.09	0	24.49	120.14	0	51.63	25.76	31.75	43.32	17	0	0	21.14	3.08	77.73	1.89	0	49.92	0	0	0	0	0	25.42	30.02	25.51	43.18	0	54.03	84.63	38.66	0	79.36	6.12	22.47	0
19.091	0	0	33.12	0	0	0	0	0	0	0	14.1	0	0	0	0	0	0	141.87	0	0	0	0	0	0	0	0	0	0	16.23	0	0	0	0	116.77	0	0	0	0	0	0	0	0	0	0	0	0	0	40.83	0	0	143.77	0	0	0	0	3.49	0	0	0	0	0	84.44	0	0	0	0	0	0	0	0	0	189.02	0	0	0	0
19.1425	16.11	32.77	0	0	0	0	0	0	0	0	0	0	0	0	0	0	0	0	0	0	0	0	0	0	0	267.37	0	0	0	0	0	0	0	0	0	0	0	0	0	0	0	162.09	0	0	0	0	0	0	0	0	0	0	0	0	0	0	0	0	0	0	0	0	0	0	0	0	0	0	0	0	0	0	0	0	0	0
19.3101754385965	0	0	38.67	8.86	0	0	0	0	9.83	58.61	13.38	24.25	11.15	46.83	54.25	59.96	51.25	179.59	6.36	19.8	3.35	15.81	9.14	0	48.87	0	11.79	9.32	25.34	6.97	0	0	8.27	155.9	33.31	0	0	0	33.15	7.38	24.89	112.69	19.9	121.07	8.38	63.55	23.68	81.14	37.89	8.27	91.55	0	25.19	0	54.12	3.33	32.85	42.32	28.04	0	0	65.23	0	15.06	29.66	17.26	44.65	0	42.37	88.95	26.07	212.26	76.17	6.03	19.65	15.48
19.3714285714286	0	0	0	0	0	0	0	0	0	0	8.24	0	4.02	0	0	0	0	0	0	0	0	0	0	133.42	0	291.47	0	0	0	0	0	0	0	0	0	0	0	0	0	0	0	0	0	0	0	0	0	0	5.97	1.31	0	0	0	0	0	0	0	0	0	0	0	0	0	0	0	0	0	0	0	0	6.38	0	0	0	0	0
19.4	0	0	0	0	21.9	0	0	0	0	0	0	0	0	0	0	0	0	0	0	0	0	0	0	0	0	0	0	0	0	0	0	0	0	0	0	0	0	0	0	0	0	0	0	0	0	0	0	0	0	2.32	0	0	0	0	0	0	0	0	0	0	0	0	0	0	0	0	0	0	0	0	0	0	0	0	0	0
19.435	21.65	31.17	0	0	0	0	0	0	0	0	0	0	0	0	0	0	0	0	0	0	0	0	0	0	0	0	0	0	0	0	0	0	0	0	0	0	0	0	0	0	0	0	0	0	0	0	0	0	0	0	0	0	0	0	0	0	0	0	0	0	0	0	0	0	0	0	0	0	0	0	0	0	0	0	0	0
19.5942857142857	0	0	0	0	0	33.04	0	0	0	0	0	0	0	0	0	0	0	0	0	0	0	0	0	0	0	107.99	0	0	0	0	0	0	0	253.76	0	0	0	0	0	0	0	379.75	0	311.53	0	0	0	0	0	0	399.79	0	0	0	0	0	0	0	0	0	0	0	0	0	0	0	93.5	0	0	0	0	0	0	0	0	0
19.655	166.48	124.13	0	0	57.17	0	0	0	0	4.71	0	0	0	0	0	0	0	0	0	0	0	0	0	0	0	0	0	0	0	0	0	0	0	0	0	0	0	0	0	0	0	0	0	0	0	0	0	0	0	0	0	0	0	0	0	0	0	0	0	0	0	0	0	0	0	0	0	0	0	0	0	0	0	0	0	0
19.73	0	0	0	0	0	0	0	0	0	0	0	0	0	0	0	3.38	4.82	0	0	0	0	0	0	0	0	0	0	0	0	0	0	0	0	0	0	0	0	0	0	0	0	0	0	0	0	0	0	0	0	0	0	0	0	0	0	0	0	0	0	0	0	0	0	0	0	0.34	0	0	0	0	0	0	0	0	0	0
19.7823529411765	0	0	0	0	0	0	0	0	0	5.26	5.39	0	0	0	0	8.42	0	6.62	5.22	0	0	0	0	0	0	0	0	0	0	0	0	0	0	26.93	0	0	0	0	0	0	0	0	8.51	0	0	3.64	0	0	19	2.45	0	0	0	0	0	0	0	22.87	0	0	0	0	0	0	0	1.68	0	0	0	7.14	7.77	19.11	29.92	0	7.83	0
19.8233333333333	0	0	0	0	0	0	0	0	0	0	0	0	0	0	0	0	0	7.04	0	0	0	0	0	0	0	32.97	0	0	0	0	0	0	0	0	0	0	0	0	0	0	0	18.69	0	0	0	0	0	0	0	0	0	0	0	0	0	0	0	0	0	0	0	0	0	0	0	0	0	0	0	0	0	0	0	0	0	0
19.9515	0	0	44.15	0	0	13.21	0	0	7.1	0	16.16	0	0	0	0	73.61	0	230.23	0	0	0	0	0	186.72	51.58	0	0	0	0	0	0	0	0	276.5	0	0	0	0	0	0	0	271.38	15.34	283.27	0	0	0	0	0	0	243.46	0	0	0	0	0	0	28.04	0	0	0	0	0	0	0	0	99.76	0	0	123.02	14.99	285.43	116.44	0	0	24.38
20.0122222222222	80.1	79.1	0	0	44.82	0	0	0	0	0	0	0	0	0	0	23.24	0	0	0	0	0	0	0	0	0	439.16	0	0	0	0	0	0	0	0	0	0	0	0	0	0	0	0	0	0	0	0	0	0	0	0	0	0	0	0	0	0	0	16.57	0	0	0	0	0	0	0	3.54	0	0	8.03	0	9.41	0	0	0	0	0
20.0983333333333	0	0	0	0	0	0	0	0	0	0	0	0	0	10.67	5.59	0	1.94	0	0	0	0	0	0	0	6.81	0	0	0	0	0	0	0	0	0	0	0	0	0	0	0	0	0	5.82	0	0	0	0	0	0	0	0	0	0	0	0	0	0	12.33	0	0	0	0	0	0	0	0	0	0	0	0	0	0	0	0	0	0
20.1509523809524	0	0	0	0	0	0	0	0	0	13.15	0	0	0	0	13.17	27.33	6.32	20.13	0	0	0	0	0	0	0	64.58	0	0	0	0	0	0	0	55.52	0	0	0	0	4.71	0	0	0	0	0	0	6.55	0	0	3.73	0	19.9	0	0	0	16.43	6.99	0	0	0	0	0	11.61	0	0	0	4.85	0	0	13.4	4.77	3.55	44.47	28.9	0	5.52	0
20.43	0	0	0	0	0	0	0	0	0	0	0	0	0	0	0	0	0	0	7.38	0	0	0	0	0	0	0	0	0	0	0	0	0	0	0	0	0	0	0	0	0	0	0	0	0	0	0	0	0	14.52	0	0	0	0	0	0	0	0	0	0	0	0	0	0	0	0	0	0	0	0	0	2.07	0	5.8	0	0	0
20.5257142857143	0	0	0	0	0	0	0	0	0	0	0	0	0	0	0	0	0	0	0	0	0	0	0	0	0	0	0	0	0	0	0	0	0	0	0	0	0	0	0	0	0	0	0	0	0	0	71.37	0	0	0	0	19.65	0	8.12	0	5.53	0	0	0	0	0	171.13	0	0	0	43.07	0	0	91.49	0	0	0	0	0	0	0
20.654375	0	0	327.83	0	0	3.52	0	0	0	0	0	0	0	0	0	0	0	571.56	0	0	0	0	0	507.01	0	619.81	0	0	0	0	0	0	0	582.55	0	0	0	0	0	0	91.26	393.09	0	870.57	0	0	0	145.11	0	0	402.43	0	0	0	0	4.57	0	0	0	0	0	0	0	0	0	0	377.02	0	19.25	0	144.35	843.27	0	0	0	0
20.7166666666667	0	95.49	0	0	102.55	0	0	0	0	0	0	0	0	0	0	0	0	0	0	0	0	0	0	0	0	586.61	0	0	0	0	0	0	0	0	0	0	0	0	0	0	0	0	0	0	0	0	0	0	0	0	0	0	0	0	0	0	0	0	0	0	0	0	0	0	0	0	0	0	0	0	0	0	0	0	0	0
20.9214285714286	0	0	0	16.16	0	7.31	0	0	0	0	0	0	0	0	0	0	0	0	0	0	0	0	0	28.78	0	0	0	0	0	0	0	0	0	30.8	0	0	0	0	0	0	0	19.18	0	42	0	0	0	0	0	0	41.07	0	0	0	0	0	0	0	0	0	0	0	0	0	0	0	0	0	0	0	0	0	0	0	0	0
21.0644444444444	0	0	0	0	0	0	0	0	0	41.36	0	0	0	0	0	0	0	0	14.95	0	0	0	0	0	0	0	0	0	0	0	0	0	0	0	0	0	0	0	11.27	0	0	0	0	0	0	15.6	8.49	0	0	0	0	0	0	0	11.72	1.85	0	0	0	0	0	0	0	0	0	11.75	0	0	20.07	0	0	0	0	0	0	0
21.11	0	0	0	0	0	0	0	0	0	0	0	0	0	0	0	31.14	0	0	5.54	0	0	0	0	0	0	0	0	0	0	0	0	0	0	0	0	0	0	0	0	0	0	0	0	0	27.92	0	0	0	0	0	0	0	0	0	0	0	0	0	0	0	0	0	0	0	0	0	0	0	0	0	34.36	0	0	0	0	0
21.1885714285714	0	0	0	0	0	5.78	0	0	0	0	0	0	0	0	0	0	0	0	0	0	0	0	0	0	0	0	0	0	0	0	0	0	0	0	0	0	0	0	0	0	0	0	0	0	0	0	0	198.19	0	0	167.91	0	0	0	0	0	0	241.93	0	0	0	0	0	0	0	2.52	0	0	0	249.43	0	0	213.47	0	0	0
21.22	0	0	202.64	63.86	0	0	0	0	0	6.06	0	0	0	0	359.71	0	0	323.04	0	0	0	0	0	367.08	0	0	0	0	0	0	0	0	0	0	0	0	0	0	0	0	0	137.52	0	351.24	0	0	0	0	0	0	0	0	0	0	0	0.43	0	0	0	0	0	0	0	0	0	3.69	196.23	0	0	0	0	419.61	0	0	0	0
21.2763636363636	77.37	0	0	0	87.59	0	0	0	0	26.51	0	0	0	0	0	9.65	0	0	0	0	0	0	0	0	0	596.9	0	0	0	0	0	0	0	638.23	0	0	0	0	0	0	0	0	0	0	0	0	0	0	0	0	25.75	0	0	0	5.29	5.12	0	0	0	0	0	3.35	0	0	0	11.22	0	0	0	0	0	0	0	0	0	0
21.3083333333333	0	141.84	0	0	0	0	0	0	0	0	0	0	0	0	0	30.56	0	0	0	0	0	0	0	0	0	0	0	0	0	0	0	0	0	0	0	0	0	0	0	0	0	0	0	0	0	0	0	0	0	0	0	0	0	0	6.78	0	0	0	0	0	0	9.02	0	0	0	0	0	0	38.92	0	0	0	4.67	0	0	0
21.3994736842105	0	0	0	0	0	0	0	0	2.71	61.16	10.32	0	5.5	9.99	12.2	44.36	12.82	0	0	5.12	0	15.85	0	21	17.09	0	2.9	0	0	6.65	0	0	2.59	0	13.63	0	0	0	10.88	0	7.9	75.86	7.33	0	3.74	19.2	10.9	17.11	10.55	8.86	0	0	7.64	0	0	0	5.97	17.73	15.29	0	0	0	0	0	8.26	13.68	0	0	25.99	35.48	12	0	0	3.05	7.37	5.66
21.4533333333333	0	0	13.49	7.51	0	0	0	0	0	0	0	0	0	0	0	0	0	41.64	0	0	0	0	0	0	0	0	0	0	0	0	0	0	0	27.07	0	0	0	0	0	0	0	104.56	0	55.36	0	0	0	0	0	0	39.39	0	0	0	13.15	0	0	0	0	0	0	23.49	0	0	0	0	24.98	0	0	0	0	58.31	23.23	0	0	0
21.5244444444444	0	0	0	0	12.94	0	0	0	1.65	21.41	0	0	0	0	0	0	0	0	0	3.41	0	0	0	0	0	88.34	0	0	0	0	0	0	0	0	0	0	0	0	0	0	0	0	0	0	2.7	2.83	0	0	0	0	0	0	0	0	0	1.75	0	0	0	0	0	0	0	0	0	0.4	0	0	0	0	0	0	0	0	0	0
21.5511111111111	0	9.3	0	0	0	0	0	0	0	0	4.82	0	5.06	9.36	10.47	24.52	13.07	0	0	0	0	0	0	0	10.25	0	0	0	0	0	0	0	0	0	13.61	0	0	0	3.41	0	0	0	4.52	0	0	2.55	0	14.56	8.17	3.72	0	0	4.1	0	8.12	0	4.79	11.19	7.57	0	0	0	0	0	0	3.18	0	0	10.13	19.59	7.02	0	13.38	0	5.7	3.32
21.597	0	0	7.96	0	0	0	0	0	0	0	0	0	0	0	0	0	0	22.07	0	0	0	0	0	16.35	0	60.63	0	0	0	0	0	0	0	33.64	0	0	0	0	0	0	0	62.58	0	29.11	0	0	0	0	0	0	29.42	0	0	0	0	0	0	0	0	0	0	0	0	0	0	0	13.13	0	0	0	0	45.91	0	0	0	0
21.70625	0	0	0	0	0	0	0	0	0	13.28	0	0	0	15.73	0	0	28.5	31.01	0	0	0	25.19	0	0	0	0	0	0	0	6.66	0	0	0	0	22.58	0	0	0	12.69	0	0	0	5.19	0	5.51	22.9	13.99	0	0	0	18.02	0	6.17	0	26.71	0.72	6.72	5.69	28.94	0	0	35.26	0	0	5.85	8.87	0	0	25.58	0	0	0	0	2.09	0	0
21.7372727272727	0	0	0	0	0	0	0	0	0	20.01	0	0	0	0	0	30.48	0	0	0	0	0	0	0	0	31.4	0	0	0	0	0	0	0	4.82	0	0	0	0	0	0	0	0	0	0	0	0	0	0	0	0	0	0	0	6.92	0	0	1.35	0	0	0	0	0	0	0	0	14.17	0	0	0	0	0	0	92.66	19.42	0.91	0	9.13
21.7555555555556	0	0	20.06	4.3	0	0	0	2.9	7.34	0	18.6	0	13.17	9.01	28.35	0	0	45.2	0	16.4	0	0	10.02	22.48	0	0	8.4	0	0	0	1.86	0	0	0	0	0	0	0	0	0	15.44	38.41	3.78	90.14	0	0	0	14.68	27.12	7.18	34.52	0	0	0	0	0	7.84	25.47	0	0	0	0	0	0	0	0	0	0	0	55.43	16.51	0	0	2.06	0	0
21.78625	0	0	0	8.75	0	0	0	3.42	0	0	0	0	0	0	0	0	0	0	0	0	0	0	0	18.94	0	114.53	0	0	0	0	0	0	0	0	0	0	0	0	0	0	0	0	0	0	0	0	0	20.9	0	0	0	0	0	0	0	0	0	0	0	0	0	0	0	0	0	2.43	0	0	0	0	0	0	20	0	8.61	0
21.8285714285714	0	0	0	0	0	0	0	0	0	0	0	0	0	0	0	0	0	0	0	0	0	0	0	0	0	59.26	0	0	0	0	0	0	0	71.97	0	0	0	0	0	0	0	28.42	0	0	0	0	0	0	0	0	0	0	0	0	3.16	0	0	0	0	0	0	0	0	0	0	0	38.02	0	1.4	0	0	18.42	0	0	0	0
21.8533333333333	0	0	0	0	7.26	0	0	0	0	0	0	0	0	0	0	0	0	0	0	0	0	0	0	0	0	0	0	0	0	0	0	0	0	0	0	0	0	0	0	0	0	0	0	0	0	0	0	0	0	0	0	0	0	0	0	1.22	0	0	0	0	0	0	0	0	0	0	0	0	1.9	0	0	0	0	0	0	0
21.898	0	21.15	0	0	5.48	0	0	0	0	0	0	0	0	0	0	0	0	0	10.15	0	7.69	0	0	0	0	0	0	0	0	0	1.29	0	0	0	0	0	0	0	0	0	0	0	0	0	0	0	0	0	0	0	0	0	0	0	0	0	0	0	0	0	0	0	0	0	0	0	0	0	0	0	0	0	0	0	0	0
21.9373913043478	0	0	0	0	0	0	0	0	5.33	11.41	18.5	8.55	8.85	20.96	17.67	36.15	24.42	0	0	10.6	0	13.63	10.08	0	22.11	0	5.76	8.88	26.93	4.78	1.17	0	6.29	0	25.13	0	0	0	9.52	3.01	7.15	0	14.73	0	0	17.81	20.19	27.45	41.43	7.53	0	0	10.44	0	31.4	2.13	12.28	55.64	21.23	0	0	13.19	0	36.49	13.16	9.99	0	0	25.24	46.84	22.08	0	51.25	3.18	15.58	5.88
21.9776923076923	0	0	14.38	10.39	0	0	0	0	0	15.14	0	0	0	0	0	0	0	64.93	0	0	0	0	0	32.78	0	0	0	0	0	0	0	0	0	70.76	0	0	0	0	0	0	0	38.63	0	47.78	0	0	0	0	0	1.03	79.38	0	0	0	0	0	0	0	0	0	0	13.85	0	0	0	0	28.06	0	0	0	0	103.93	0	0	0	0
22.049512195122	0	0	0	0	7.74	0	59.38	6.45	6.17	22.8	20.78	4.54	9.13	20.73	58.43	22.94	19.97	0	5.22	14.53	3.38	0	12.5	0	26.85	181.79	3.77	0	0	5.46	0	0	0	0	5.23	0	0	0	6.72	5.85	0	40.27	0	0	7.72	6	0	0	35.44	14.34	0	0	8.33	0	0	2.92	14.74	0	21.3	0	0	19.39	0	19.09	14.93	6.07	0	0	7.2	0	0	10.55	0	4.13	17.26	8.22
22.0713636363636	0	11	0	0	3.93	0	0	2.99	0	0	0	6.46	0	0	0	0	0	0	0	0	0	12.26	0	41.87	0	0	3.74	16.31	0	0	2.14	0	0	0	9.01	0	0	0	0	0	9.86	0	14.54	45.62	0	7.44	0	30.97	0	0	39.86	0	0	0	18.26	0	0	56.9	0	0	0	0	0	0	0	0	0	0	5.16	30.86	19.47	0	50	0	0	0
22.11	0	0	22.41	9.02	0	0	0	0	0	0	0	0	0	0	0	0	0	51.12	0	0	0	0	0	0	0	0	0	0	0	0	0	0	0	120.65	0	0	0	0	0	0	0	62.16	0	0	0	0	0	0	0	0	0	0	0	0	0	0	0	0	0	0	0	0	0	0	0	0	31.87	0	0	0	0	72.95	0	0	0	0
22.1733333333333	0	23.91	0	0	14.8	0	0	0	0	0	0	0	0	0	0	0	0	0	0	0	0	0	0	0	0	108.1	0	0	0	0	0	0	0	0	0	0	0	0	0	0	0	0	0	0	0	0	0	0	0	0	0	0	0	0	0	0	0	0	0	0	0	0	0	0	0	0	0	0	0	0	0	0	0	0	0	0
22.2425	0	0	0	0	0	0	0	0	0	0	0	0	0	0	0	1.26	0	0	0	0	0	0	0	0	0	0	0	0	0	0	0	0	0	0	0	0	0	0	0	0	0	0	0	0	0	3.91	0	0	0	0	0	0	0	0	0	0	0	0	0	0	0	0	0	0	0	0.82	0	0	0	0	1.8	0	0	0	0	0
22.28	0	0	0	0	0	0	0	0	0	0	0	0	0	0	0	0.8	0	0	0	0	0	0	0	0	0	0	0	0	0	0	0	0	0	0	0	0	0	0	0	0	0	0	0	0	0	0	0	0	0	0	0	0	0	0	0	0	0	0	0	0	0	0	0	0	0	0	0	0	5.3	0	0	0	0	0	0	0
22.34875	0	0	0	0	0	0	0	5.82	4.63	13.48	0	19.22	0	54.77	0	0	0	0	0	12.28	3.97	0	7.69	0	0	0	7.87	19.81	0	0	1.67	0	4.66	0	0	0	0	0	0	8.65	0	0	18.82	0	6.33	44.82	0	0	0	8.53	0	0	0	0	0	2.26	11	21.84	0	0	0	0	0	7.91	0	0	0	0	31.24	0	0	0	0	0	7.21	10.04
22.377	0	0	0	0	0	0	0	0	0	5.03	7.77	0	0	0	72.35	21.12	50.78	0	0	0	0	23.56	0	32.36	50.6	0	0	0	20.48	6.32	0	0	1.8	0	0	0	0	6.1	21.4	0	10.81	0	0	0	0	0	19.23	20.51	42.03	0	0	0	10.92	0	40.34	0	10.03	22.16	37.29	0	0	43.32	0	2.23	23.14	8.61	0	0	0	0	10.17	0	59.46	6.83	5.11	0
22.3991666666667	0	0	0	0	0	0	0	0	0	0	5.29	0	0	0	0	0	0	0	0	14.69	0	0	0	32.31	0	0	0	0	0	3.03	0	0	0	0	0	0	0	1.68	0	0	4.74	0	0	0	0	0	0	18.39	0	0	72.46	0	2.46	0	0	0	0	0	0	0	0	0	0	0	0	0	0	0	0	0	3.64	0	19.74	8.65	0	0
22.4192857142857	0	0	0	0	0	0	0	0	2.89	0	0	10.42	0	0	0	0	0	93.5	0	0	1.43	34.45	0	0	0	0	0	0	1.86	0	0	0	0	164.62	32.22	0	0	0	0	0	0	0	0	0	9.95	0	0	0	0	0	0	0	14.71	0	0	0	0	0	33.39	0	0	0	0	0	5.83	0	0	0	0	47.83	0	158.19	0	0	0	0
22.453	0	0	60.44	28.18	0	0	36.24	6.25	4.08	50.66	27.91	0	18.76	0	7.2	0	14.61	0	12.94	0	1.54	0	14	0	22.59	189.56	5.63	15.97	9.75	8.71	3.23	0	3.17	0	28.2	0	0	6.05	2.32	4.7	15.85	38.46	0	74.35	0	0	6.18	38.33	0	19.24	0	0	0	0	9.99	1.89	11.88	0	0	0	0	20.12	0	25.22	21.33	7.45	0	0	0	79.41	0	0	0	0	0	12.32
22.4884210526316	12.57	31.39	0	0	8.88	0	0	0	0	0	0	0	0	0	18.65	39.68	0	0	0	0	0	0	0	31.04	0	0	0	0	0	0	0	0	0	0	0	0	0	0	4.88	0	0	0	18.84	39.68	0	0	0	0	45.64	0	101.75	0	0	0	8.85	1.77	0	59.23	0	0	0	0	0	0	0	0	106.87	0	19.27	0	30.64	0	85.55	0	25.7	0
22.5166666666667	0	0	0	0	4.72	0	0	0	0	0	0	0	0	0	0	0	0	36.1	0	0	0	0	0	0	0	202.43	0	0	0	0	0	0	0	48.74	0	0	0	0	0	0	0	0	0	81.32	0	0	0	0	0	0	0	0	0	0	0	0	0	0	0	0	0	0	0	0	0	0	0	0	0	0	0	99.12	0	0	0	0
22.572	10.67	15.85	0	0	18.69	0	0	0	0	0	0	0	0	0	0	0	0	0	0	0	0	0	0	0	0	0	0	0	0	0	0	0	0	0	0	0	0	0	0	0	0	122.33	0	0	0	0	0	0	0	0	0	0	0	0	0	0	0	0	0	0	0	0	0	0	0	0.52	0	0	0	0	0	0	0	0	0	0
22.68	0	0	0	0	0	0	0	0	0	0	0	0	0	0	0	1.5	0	0	0	0	0	0	0	0	0	0	0	0	0	0	0	0	0	0	0	0	0	0	0	0	0	0	0	0	0	0	0	0	0	0	0	0	0	0	0	0	0	0	0	0	0	0	0	0	0	1.04	0	0	0	0	0	0	0	0	0	0
22.8	0	0	0	0	0	0	0	0	0	0	0	12.79	0	0	0	2.43	0	0	0	0	0	0	0	0	0	0	0	0	0	0	0	0	0	0	0	0	0	0	0	0	0	0	0	0	0	0	0	0	0	0	0	0	0	0	0	0	0	0	0	0	0	0	0	0	0	0.53	0	0	0	0	2.48	0	7.03	0	0	0
22.8455555555556	0	0	0	0	0	0	0	0	0	0	0	0	0	0	0	0	0	0	0	0	0	0	0	0	0	9.15	0	0	0	0	0	0	0	0	0	5.02	12.59	0	0	0	0	0	0	0	0	0	0	0	0	0	13.73	17	0	0	0	0	0	0	0	18.9	0	0	11.55	16.18	0	0	0	18.96	0	0	0	0	0	0	0	0
22.96	15.24	10.94	0	0	0	0	0	0	0	0	0	0	0	0	0	0	0	0	0	0	0	0	0	0	0	0	0	0	0	0	0	0	0	0	0	0	0	0	0	0	0	0	0	0	0	0	0	0	0	0	0	0	0	0	0	0	0	0	0	0	0	0	0	0	0	0	0	0	0	0	0	0	0	0	0	0
23.11	0	0	0	0	0	0	0	43.52	133.78	0	0	250.4	0	0	0	0	0	0	0	0	41.51	0	114.48	0	0	0	136.11	0	0	0	14.68	67.97	128.52	0	0	0	0	86.6	121.01	67.7	0	0	211.65	0	0	276.67	0	0	0	0	0	116.81	0	0	0	1.18	0	0	0	189.04	98.97	0	0	0	0	0	0	0	0	0	0	0	0	164.37	0	188.87
23.1476923076923	0	0	0	0	0	14.62	223.18	0	0	289.28	176.35	0	79.32	374.8	693.56	219.45	632.77	0	0	247.65	0	0	0	0	0	0	0	204.79	222.12	262.18	0	0	0	0	0	0	105.29	0	0	0	248.97	0	0	0	0	0	0	608.57	350.33	231.65	0	0	286.11	0	0	4.56	321.8	0	0	0	0	0	0	289.51	696.86	0	0	204.68	0	0	278.5	0	0	0	248.5	0
23.2130555555556	0	0	0	377.87	0	0	0	109.05	113.82	100.87	0	0	188.03	0	0	0	0	908.77	32.4	117.5	19.8	1005.45	131.15	1081.54	1011.06	0	24.14	68.65	0	0	15.73	75.74	0	0	995.57	24.76	81.84	31.28	0	0	116.27	546.27	61.69	0	48.33	0	0	0	0	152.68	832.72	0	0	0	0	0.55	50.12	624.95	816.11	31.96	34.19	0	0	0	0	0	0	77.92	0	0	0	0	493.06	0	0	160.49
23.2594117647059	427.93	0	0	0	122.45	10.3	202.28	0	0	0	350.59	0	0	0	0	0	0	0	0	0	0	0	0	0	0	0	0	0	0	0	0	0	0	1186.25	0	0	0	0	0	0	0	0	0	1862.37	0	0	0	128.66	152.15	0	0	0	0	0	0	0.84	0	0	0	0	0	0	0	183.34	0	0	1109.4	0	0	1257.39	113.82	1582.91	141.22	0	186.39	0
23.305	0	264.44	1394.01	0	81.79	0	0	0	0	0	0	0	0	0	0	0	0	0	0	0	0	0	0	0	0	2299.68	0	0	0	0	0	0	0	0	0	0	0	0	0	0	0	246.56	0	0	0	0	0	0	0	0	0	0	0	0	0	0	0	443.3	0	0	0	0	0	0	0	0	0	0	0	0	0	0	0	0	0	0
23.37	0	94.74	0	0	137.83	0	0	0	0	0	0	0	0	0	0	0	0	0	0	0	0	0	0	0	0	0	0	0	0	0	0	0	0	0	0	0	0	0	0	0	0	0	0	0	0	0	0	0	0	0	0	0	0	0	0	0	0	0	0	0	0	0	0	0	0	0	0	0	0	0	0	0	0	0	0	0
23.4630434782609	0	0	0	0	0	0	0	18.04	0	0	0	15.08	11.83	0	0	0.93	0	0	0	6.93	0	0	6.26	0	0	0	3.67	0	0	0	2.91	0	2.74	0	0	4.23	0	0	0	17	0	0	0	0	19.98	0	6.69	0	0	0	0	15.88	0	9.94	0	1.29	11.32	0	8.76	22.46	25.02	20.95	0	0	0	2.26	0	0	0	0	0	0	0	11.29	0	0
23.4928571428571	0	0	0	0	0	0	15.82	0	0	0	0	0	0	11.01	12.48	1.58	0	0	0	0	0	0	0	17.59	0	0	0	0	18.28	0	0	0	0	0	13.48	0	0	11.13	0	0	8.02	0	0	0	0	0	0	21.11	0	0	23.76	0	0	0	24.93	0	0	0	0	0	0	0	0	0	19.84	0	0	25.92	0	0	0	0	0	0	0	0
23.538	0	0	0	9.61	0	4.55	0	0	0	0	0	0	0	0	0	0	0	0	0	0	0	0	0	0	0	0	0	0	0	0	0	0	0	20.27	0	0	0	0	0	0	0	22.31	0	22.22	0	0	0	0	0	0	0	0	0	0	0	0	0	0	0	0	0	0	0	0	0	0	0	0	0	0	0	0	0	0	0	0
23.6570967741935	12.08	0	0	0	0	0	50.65	4.14	8.78	43.72	0	6.96	8.75	0	0	22.97	0	0	30.49	9.35	0	0	28.18	0	0	0	0	0	0	0	2.75	0	3.79	0	0	8.31	6.64	8.05	17.99	3.02	0	0	0	0	3.74	40.02	13.06	0	94.84	0	0	0	14.47	0	15.87	0	13.06	0	0	0	0	24.69	0	39.74	0	3.3	0	0	6.47	0	0	0	0	4.24	42.08	0
23.6838461538462	0	0	0	0	0	0	0	0	0	0	52.11	1.22	0	0	0	0	0	60.29	0	0	0	0	0	0	0	0	0	24.06	0	0	0	0	0	0	0	0	0	0	0	0	15.42	0	34.3	0	0	0	0	0	0	35.57	47.28	0	0	0	0	0	0	113.39	17.31	0	0	0	0	0	15.82	0	0	0	0	0	55.08	0	100.45	0	0	0
23.736	0	0	0	9.87	0	0	0	10.78	0	0	0	0	0	0	0	0	0	0	0	32.28	7.13	0	0	50.72	0	0	12.34	0	0	0	0	0	11.75	0	0	0	14.04	0	0	0	0	69.99	0	43.1	11.8	0	0	0	0	0	0	0	27.8	0	0	0	0	0	0	0	0	0	0	0	0	0	42.42	0	0	76.43	0	67.5	0	0	0	0
23.7748717948718	0	0	43.27	0	55.63	0	21.32	0	17.32	0	12.36	31.89	8.51	69.61	151.67	0	85.17	0	0	0	4.35	78.19	9.04	0	119.3	123.37	11.83	33.13	43.15	22.84	1.97	14.77	0	0	0	0	0	8.87	0	13.09	12.63	0	18.6	0	0	0	0	0	24.15	6.51	0	0	0	0	12.63	0	44.21	0	0	19.02	0	0	0	25.74	53.49	0.59	0	29.56	0	0	28.33	0	11.98	13.7	31.26	34.88
23.812	10.66	0	0	0	0	0	0	0	0	29.81	0	0	0	0	0	28.23	0	62.04	0	0	0	0	0	141.28	0	0	0	0	0	0	0	0	0	0	94.93	0	0	0	0	0	14.36	0	0	0	0	28.51	15.72	113.19	0	14.99	44.5	0	0	0	0	0	0	52.94	81.25	0	0	0	0	0	0	0	0	0	0	0	0	0	48	0	0	0
23.8492857142857	0	0	0	27.02	0	0	0	0	0	0	0	0	0	0	0	16.17	0	72	0	0	0	0	0	0	0	0	0	0	0	0	0	0	0	307.06	0	0	0	0	28.48	0	0	34.5	0	175	0	0	0	0	0	0	44.62	0	0	0	13.1	0	0	0	0	0	0	48.36	0	0	0	4	91.1	0	0	116.87	0	229.58	0	0	0	0
23.8990909090909	14.52	0	104.39	0	14.28	0	0	0	0	30.83	0	0	0	0	0	14.75	0	0	0	0	0	0	0	0	0	308.24	0	0	0	0	0	0	0	0	0	0	0	0	0	0	0	14.15	0	0	0	0	0	0	0	0	0	0	0	0	13.67	3.38	0	0	0	0	0	0	0	0	0	2.66	0	0	25.38	0	0	0	0	0	0	0
23.936	19.33	66.63	0	0	0	0	0	0	0	0	0	0	0	0	0	7.84	0	0	0	0	0	0	0	0	0	0	0	0	0	0	0	0	0	0	0	0	0	0	0	0	0	0	0	0	0	0	0	0	0	0	0	0	0	0	6.29	1.22	0	0	0	0	0	0	0	0	0	0	0	0	0	0	0	0	0	0	0	0
24.0448275862069	0	0	0	0	0	0	0	9.33	17.35	109.64	0	26.95	28.85	46.61	0	0	0	0	11.39	29.47	6.53	0	30.34	0	0	0	15.27	0	0	0	4.95	12.64	11.61	0	0	6.81	0	0	0	9.6	0	0	41.02	0	14.81	41.43	0	0	0	0	0	0	33.22	0	0	0.46	0	0	0	17.21	11.95	52.58	0	62.3	0	10.24	0	23.08	0	0	0	0	0	17.75	0	29.36
24.0688888888889	0	0	0	0	0	0	56.07	0	0	0	60.67	0	0	0	79.32	68.26	72.28	0	0	0	0	84.57	0	0	92.87	0	0	39.99	32.7	23.59	0	0	0	0	97.19	0	13.13	15.68	30.34	0	31.83	0	0	0	0	0	18.41	101.14	70.55	50.8	0	0	0	0	37.51	0.76	38.1	0	94.28	0	0	0	0	0	60.82	0	0	0	21.03	0	63.66	0	0	0	57.87	0
24.1209090909091	0	0	0	31.66	0	0	0	0	0	0	0	0	0	0	0	0	0	146.38	0	0	0	0	0	120.58	0	0	0	0	0	0	0	0	0	180.5	0	0	0	0	0	0	0	146.71	0	233.04	0	0	0	0	0	0	152.65	0	0	0	0	0	0	160.99	0	0	0	0	0	0	0	0	123.81	0	0	179.37	0	0	108.32	0	0	0
24.16	0	0	111.24	0	0	0	0	0	0	0	0	0	0	0	0	0	0	0	0	0	0	0	0	0	0	0	0	0	0	0	0	0	0	0	0	0	0	0	0	0	0	0	0	0	0	0	0	0	0	0	0	0	0	0	0	0	0	0	0	0	0	0	0	0	0	0	0	0	0	0	0	266.42	0	0	0	0
24.2075	28.29	45.93	0	0	47.05	0	0	0	0	0	0	0	0	0	0	0	0	0	0	0	0	0	0	0	0	400.28	0	0	0	0	0	0	0	0	0	0	0	0	0	0	0	0	0	0	0	0	0	0	0	0	0	0	0	0	0	0	0	0	0	0	0	0	0	0	0	0	0	0	0	0	0	0	0	0	0	0
24.36	0	0	0	0	0	0	0	7.29	0	0	0	48.99	0	0	0	0	0	0	0	0	10.34	0	0	0	0	0	0	0	0	0	0	0	11.09	0	0	0	0	0	0	14.83	0	0	0	0	21.04	63.24	17.61	0	0	0	0	17.92	0	0	0	2.09	0	0	0	28.87	0	44.7	0	0	0	6.38	0	0	19.14	0	0	0	0	0	0	41.72
24.39	0	0	0	0	0	0	54.76	3.57	26.86	48.01	36.21	0	38.76	81.34	125.12	73.74	115.69	0	10.67	45.22	0	144.68	32.37	0	143.75	0	24.12	46.34	54.3	33.29	5.33	17.95	9.99	0	158.5	11.84	19.29	19.51	30.53	0	53.36	0	59.94	0	0	0	0	148.52	80.12	61.65	0	0	55.92	0	31.56	0	67.6	0	144.27	0	21.72	0	0	71.3	103.15	0	0	41.22	0	0	51.16	0	0	28.01	63.13	0
24.4366666666667	0	0	0	49.06	0	3.6	0	0	0	39.51	35.27	0	0	0	0	0	0	229.08	0	0	0	0	0	204.92	0	0	0	0	0	0	0	0	0	0	0	0	0	0	0	0	0	0	0	0	0	0	0	0	0	0	200.21	0	0	0	0	0.68	0	155.28	0	0	0	0	0	0	0	0	0	0	0	278.78	33.79	0	163.44	0	0	0
24.4733333333333	0	0	146.93	0	0	0	0	0	0	0	0	0	0	0	0	0	0	0	0	0	0	0	0	0	0	0	0	0	0	0	0	0	0	266.89	0	0	0	0	0	0	0	230.07	0	361.45	0	0	0	0	0	0	0	0	0	0	0	0	0	0	0	0	0	0	0	0	0	0	192.81	0	0	0	0	387.51	0	0	0	0
24.5366666666667	50.23	76.41	0	0	60.36	0	0	0	0	0	6.41	0	0	0	0	0	0	0	0	0	0	0	0	0	0	598.62	0	0	0	0	0	0	0	0	0	0	0	0	0	0	0	0	0	0	0	0	0	0	0	0	0	0	0	0	0	1.53	0	0	0	0	0	0	0	0	0	0	0	0	0	0	0	0	0	0	0	0
24.59	0	0	0	0	0	0	0	0	0	0	2.44	0	0	0	0	0	0	0	0	0	0	0	0	0	0	0	0	0	0	0	0	0	0	0	0	0	0	0	0	0	0	0	0	0	0	0	0	0	0	0	0	0	0	0	0	0	0	0	0	0	0	0	0	0	0	2.38	0	0	0	0	0	0	0	0	0	0
24.6502857142857	0	0	0	0	0	0	0	0	2.08	33.47	25.01	0	0	14.92	25.89	32.73	18.25	0	7.57	5.87	0	0	7.89	25.52	21.05	0	0	16.49	0	6.83	1.78	0	3.4	0	0	0	0	0	9.89	0	9.29	0	17.1	0	0	15.84	0	0	35.12	15.76	0	0	9.4	0	19.57	3.23	9.83	0	0	0	0	17.04	0	17.67	16.37	2.14	0	0	5.47	0	27.95	0	0	5.21	20.55	4.68
24.6775	0	0	0	0	0	0	0	0	0	0	0	0	0	0	0	0	0	46.46	0	0	0	19.05	0	0	0	0	0	0	0	0	0	0	0	0	16.36	0	0	0	0	0	0	0	0	0	0	0	0	25	0	0	0	0	0	0	0	0	0	52.96	26.2	0	0	0	0	0	0	0	0	0	8.59	0	0	0	69.06	0	0	0
24.715	0	0	0	8.42	0	0	0	0	0	0	0	0	0	0	0	0	0	0	0	0	0	0	0	0	0	0	0	0	0	0	0	0	0	58.23	0	0	0	0	0	0	0	87.99	0	20.31	0	0	0	0	0	0	71.77	0	0	0	0	1.84	0	0	0	0	0	0	0	0	0	2.14	45.92	0	0	47.28	0	97.05	0	0	0	0
24.735	0	0	18.51	0	0	0	0	0	0	0	0	0	0	0	0	0	0	0	0	0	0	0	0	0	0	0	0	0	0	0	0	0	0	0	0	0	0	0	0	0	0	0	0	32.72	0	0	0	0	0	0	0	0	0	0	0	0	0	0	0	0	0	0	0	0	0	0	0	0	0	0	0	0	0	0	0	0
24.7966666666667	0	13.02	0	0	18.92	0	0	0	0	0	0	0	0	0	0	0	0	0	0	0	0	0	0	0	0	147.56	0	0	0	0	0	0	0	0	0	0	0	0	0	0	0	0	0	0	0	0	0	0	0	0	0	0	0	0	0	0	0	0	0	0	0	0	0	0	0	0	0	0	0	0	0	0	0	0	0	0
24.953	0	0	0	0	0	0	0	0	0	12.42	10.92	0	0	0	0	6.5	6.41	0	5.24	0	0	0	0	0	0	0	0	0	0	0	0	0	0	0	0	0	0	0	0	0	0	0	7.67	0	0	0	0	0	15.81	0	0	0	3.5	0	0	0	0	0	10.52	0	0	0	0	0	0	0	0	0	0	0	0	0	0	0	0	1.67
24.9936363636364	0	0	0	0	0	0	0	0	0	0	0	0	0	0	0	0	0	12.36	0	0	0	0	0	0	0	0	0	0	0	0	0	0	0	0	0	0	0	0	0	0	0	24.25	0	0	0	0	0	0	0	7.45	28.1	0	0	0	0	0	0	19.5	0	0	0	0	0	0	0	0	15.22	0	0	17.99	13.14	13.28	28.46	0	8.9	0
25.0233333333333	0	0	6.29	0	0	0	0	0	0	0	0	0	0	0	0	0	0	0	0	0	0	0	0	0	0	0	0	0	0	0	0	0	0	20.3	0	0	0	0	0	0	0	0	0	0	0	0	0	0	0	0	0	0	0	0	0	0	0	0	0	0	0	0	0	0	0	0	0	0	0	0	0	9.07	0	0	0	0
25.065	0	0	0	0	0	0	0	0	0	0	0	0	0	0	0	0	0	0	0	0	0	0	0	0	0	38.16	0	0	0	0	0	0	0	0	0	0	0	0	0	0	0	0	0	0	0	0	0	0	0	0	0	0	0	0	0	0.82	0	0	0	0	0	0	0	0	0	0	0	0	0	0	0	0	0	0	0	0
25.1215384615385	0	0	0	0	8.91	0	0	0	0	0	0	0	0	0	0	0	0	0	0	0	4.47	0	0	0	0	0	10.53	0	0	0	0	0	18.89	0	0	0	0	0	29.91	16.79	0	0	0	0	0	0	19.33	0	0	0	0	0	51.34	4.74	43.69	1.36	0	0	0	0	0	0	0	0	0	11.57	0	0	31.17	0	0	0	0	0	0	0
25.2026315789474	0	0	0	33.57	0	0	94.45	0	0	85.26	66.39	0	27.09	0	0	0	0	220.74	5.73	0	0	179.56	0	181.67	150.26	0	0	0	0	0	0	0	0	0	190.51	0	0	0	0	0	0	0	0	0	0	0	0	0	134.23	87.48	258.43	0	0	0	0	0.45	0	281.73	0	0	0	0	0	0	0	0	0	0	0	330.66	0	0	192.54	0	106.42	0
25.2325	0	0	0	33.87	0	6.42	0	0	0	0	45.71	0	0	0	0	0	0	0	0	0	0	0	0	0	0	0	0	0	0	0	0	0	0	0	0	0	0	0	0	0	0	0	0	0	0	0	0	0	0	0	0	0	0	0	0	0.54	0	0	0	0	0	0	0	0	0	0	0	0	0	0	0	0	0	0	0	0
25.2614285714286	0	0	251.25	0	0	0	0	0	0	0	0	0	0	0	0	0	0	0	0	0	0	0	0	0	0	0	0	0	0	0	0	0	0	287.42	0	0	0	0	0	0	0	278.15	0	479.58	0	0	0	0	0	0	0	0	0	0	0	0.71	0	0	0	0	0	0	0	0	0	0	264.24	0	0	0	0	275.8	0	0	0	0
25.306	47.58	76.96	0	0	81.58	0	0	0	0	0	0	0	0	0	0	0	0	0	0	0	0	0	0	0	0	751.94	0	0	0	0	0	0	0	0	0	0	0	0	0	0	0	0	0	0	0	0	0	0	0	0	0	0	0	0	0	0	0	0	0	0	0	0	0	0	0	0	0	0	0	0	0	215.28	0	0	0	0
25.3966666666667	0	0	0	0	0	0	0	0	0	0	0	0	0	0	0	10.98	0	0	0	0	0	0	0	0	0	0	0	0	0	0	0	0	0	0	0	0	0	0	0	0	0	0	2.51	0	0	3.63	0	0	0	0	0	0	0	0	0	3.99	0	0	0	0	0	0	0	0	0	3.22	0	0	5.73	0	0	0	0	0	0	0
25.448	0	0	0	0	0	0	0	0	0	5.81	0	0	0	0	0	0	0	8.68	0	0	0	0	0	0	0	0	0	0	0	0	0	0	0	0	0	0	0	0	0	0	0	0	0	0	0	0	0	0	0	0	0	0	0	0	0	0	0	0	0	0	0	0	0	0	0	0	0	0	0	7.03	3.79	0	6.33	0	0	0
25.6333333333333	0	0	0	10.21	0	0	0	0	0	0	0	0	0	0	0	0	0	0	0	0	0	0	0	0	0	0	0	0	0	0	0	0	0	0	0	0	0	0	0	0	0	57.42	0	0	0	0	0	0	0	0	0	0	0	0	0	0	0	0	0	0	47.08	0	0	0	0	0	0	0	0	0	0	0	0	0	0	0
25.7475	0	0	0	0	0	0	0	0	0	7.85	4.73	0	0	0	0	4.78	0	0	0	0	0	0	0	0	0	0	0	0	0	0	0	0	0	0	0	0	0	0	0	0	0	0	4.14	0	0	0	0	0	9.46	0	0	0	0	0	0	0	0	0	0	0	0	0	0	0	0	0	0	0	0	0	6.05	0	16.66	0	4.89	0
25.9373913043478	0	0	0	0	0	0	0	122.31	123.93	0	0	101.73	96.89	170.8	0	20.34	0	0	77.25	190.08	21.62	0	0	0	0	0	75.89	0	107.77	0	26.98	90.93	0	0	0	17.13	0	121.27	0	0	0	0	0	0	60.5	0	0	0	0	0	0	111.96	143.76	0	0	0	0	0	0	180.71	86.09	0	0	0	0	0.83	0	154.75	0	0	0	0	0	155.22	0	0
25.9836363636364	0	0	0	0	0	0	184.89	0	0	178.12	0	0	97.53	0	373.14	69.28	351.34	400.09	0	0	0	0	101.99	390.72	587.41	0	0	313.46	0	217.21	0	0	0	0	0	32.36	96.5	0	0	0	233.5	0	217.09	0	0	0	0	0	0	0	0	0	0	0	0	2.01	0	0	0	0	0	0	0	419.19	482.92	1.26	0	0	13.31	0	0	0	0	0	0	218.6
26.0253333333333	0	0	0	338.28	0	21.95	179.56	0	0	170.88	447.56	0	0	0	0	0	0	0	0	0	0	829.22	97.12	0	0	0	0	0	0	0	0	0	0	0	574.4	0	0	0	0	0	0	0	0	0	0	0	0	399.96	482.78	400.13	0	0	0	0	0	0	0	0	590.48	0	0	0	0	0	0	0	0	0	0	0	325.84	0	338.07	0	437.45	0
26.0757142857143	195.72	0	0	0	0	0	0	0	0	0	0	0	0	0	0	0	0	0	0	0	0	0	0	0	0	0	0	0	0	0	0	0	0	586.87	0	0	0	0	0	0	0	380.15	0	0	0	0	0	0	0	0	658.62	0	0	0	0	0	0	0	0	0	0	0	0	0	0	0	0	0	0	841.4	0	997.84	192.06	0	0	0
26.114	0	108.08	0	0	276.09	0	0	0	0	0	0	0	0	0	0	0	0	0	0	0	0	0	0	0	0	0	0	0	0	0	0	0	0	0	0	0	0	0	0	0	0	256.56	0	0	0	0	0	0	0	0	0	0	0	0	0	0	0	1189	0	0	0	0	0	0	0	0	1067.12	0	0	0	0	0	0	0	0	0
26.1483333333333	0	74.2	1001.23	0	0	0	0	0	0	0	0	0	0	0	0	0	0	0	0	0	0	0	0	0	0	919.4	0	0	0	0	0	0	0	0	0	0	0	0	0	0	0	0	0	1341.68	0	0	0	0	0	0	0	0	0	0	0	2.25	0	0	0	0	0	0	0	0	0	0.75	0	0	0	0	0	0	0	0	0	0
26.1966666666667	0	0	0	0	0	0	0	0	0	0	0	0	0	0	0	5.79	0	0	0	0	0	0	0	0	0	784.81	0	0	0	0	0	0	0	0	0	0	0	0	0	0	0	0	0	0	0	3.41	0	0	0	0	0	0	0	0	0	0	0	0	0	0	0	0	0	0	0	0	0	0	0	0	0	0	0	0	0	0
26.232	0	0	0	0	0	0	0	0	0	5.13	0	0	0	0	0	0	4.8	6.25	0	0	0	0	0	0	0	0	0	0	0	0	0	0	0	0	0	0	0	0	0	0	0	0	0	0	0	0	0	0	0	0	0	0	0	0	0	0	0	0	0	0	0	0	0	0	0	2.16	0	0	0	0	0	0	3.98	0	0	0
26.2975	0	0	0	0	0	0	0	0	0	0	0	0	0	0	0	0	0	0	0	0	0	0	0	0	0	0	0	0	0	0	0	0	0	0	0	0	0	0	0	0	0	0	0	0	12.91	0	0	0	0	0	0	0	0	8.03	0	0	0	0	0	0	0	0	0	0	0	0	0	0	0	4.58	0	15.77	0	0	0	0
26.425	0	0	0	6.31	0	3.35	0	0	0	0	0	0	0	0	0	0	0	0	0	0	0	0	0	0	0	0	0	0	0	0	0	0	0	0	0	0	0	0	0	0	0	0	0	0	0	0	0	0	0	0	0	0	0	0	0	0	0	0	0	0	0	0	0	0	0	0	0	0	0	0	0	0	0	0	0	0
26.5145454545455	0	0	0	0	0	0	0	0	0	8.29	0	0	0	0	0	6.52	0	0	6.79	0	0	0	6.74	0	0	0	0	0	0	0	1.16	0	0	0	0	0	0	0	5.87	0	0	0	0	0	0	12.62	0	0	17.67	7.48	0	0	0	0	0	0	0	0	0	0	0	0	0	0	0	3.14	0	0	0	0	8.92	0	0	0	0	0
26.5707692307692	0	0	0	0	0	0	10.42	10.22	14.41	3.24	0	0	0	30.87	0	3.63	54.23	0	0	15.69	6.13	0	0	0	0	0	0	0	0	0	0.7	0	7.35	0	0	0	0	4.42	1.31	7.3	0	0	15.93	0	8.53	11.36	0	0	15.43	0	18.9	0	20.03	0	0	0	26.15	52.94	0	0	0	0	0	12.79	0	0	0	0	0	0	3.62	0	45.34	5.84	0	0
26.5833333333333	0	0	0	0	0	0	0	0	0	3.12	0	0	0	0	0	3.11	0	33.74	0	13.1	0	0	0	0	0	0	14.5	0	0	0	0	0	0	0	0	0	11.51	0	5.06	0	0	0	15.83	0	0	0	0	0	0	10.32	0	0	0	0	0	0	0	0	0	0	0	0	0	9.96	0	0	0	0	0	0	11.31	0	0	0	0	23.22
26.6178571428571	0	0	0	0	0	0	24.91	0	0	1.56	32.84	16.35	13.33	0	104.13	3.5	0	18.71	0	0	0	0	14.2	85.9	74.83	0	0	33.92	0	12.34	3.84	0	0	0	0	0	0	4.44	0	0	23.83	46.69	0	0	0	0	0	57.96	17.76	15.49	38	0	0	0	0	0	0	0	49.41	0	0	0	0	8.99	43.11	0	0	0	0	0	9.19	0	18.96	6.29	38.08	0
26.6611764705882	0	0	0	17.63	0	0	0	0	0	12.78	20.63	0	0	0	0	5.89	0	33.99	0	0	0	63.7	0	0	0	0	0	0	0	2.78	0	0	0	170.1	50.71	0	0	5.35	0	0	0	32.79	0	0	3.97	0	0	0	0	0	0	0	0	0	0	0	0	41.7	22.49	0	0	0	0	0	0	0	0	0	0	116.22	7.76	0	31.84	0	0	0
26.7	0	0	0	9.88	23.84	0	0	0	0	0	0	0	0	0	0	0	0	0	0	0	0	0	0	0	0	0	0	0	0	0	0	0	0	0	0	0	0	0	0	0	0	0	0	80.75	0	0	0	0	0	0	6.25	0	0	0	0	0	0	37.73	0	0	0	0	0	0	0	0	52.61	0	0	0	0	109.23	0	0	0	0
26.726	0	0	76.21	0	0	0	0	0	0	0	0	0	0	0	0	0	0	0	0	0	0	0	0	0	0	183.33	0	0	0	0	0	0	0	0	0	0	0	0	0	0	0	0	0	93.81	0	0	0	0	0	0	8.28	0	0	0	0	0	0	0	0	0	0	0	0	0	0	0	0	0	0	0	0	62.08	0	0	0	0
26.7677777777778	23.94	43.66	0	0	13.99	0	0	0	0.7	0	0	0	8.03	0	0	0	0	0	0	0	0	0	0	0	0	145.89	0	0	0	0	0	0	0	0	0	0	0	0	0	0	0	0	9.69	0	0	0	0	0	0	0	20.59	0	0	0	0	0	0	0	0	0	0	0	0	0	0	0	40.89	0	0	0	0	0	0	0	0	0
26.826	0	0	0	0	0	0	0	0	0.83	17.44	26.93	0	0	0	0	12.12	4.67	4.39	0	0	0	0	9.66	0	8.02	0	0	11.28	0	0	0	0	0	0	0	0	0	6.44	0	0	0	0	0	0	0	6.42	0	0	15.75	11.81	0	0	3.81	0	0	1.61	0	0	0	0	0	0	0	12.47	0	0	0	0	0	0	12.93	0	28.31	0	17.32	2.56
26.88	0	0	0	0	0	0	0	0	0	0	0	0	0	0	0	0	0	9.45	0	0	0	0	0	0	0	0	0	0	0	0	0	0	0	15.34	10.69	0	0	0	0	0	0	34.65	0	18.94	0	0	0	0	0	0	44.67	0	0	0	0	0	0	74.87	10.16	0	0	0	0	0	0	2.64	13.86	0	0	17.14	0	18.08	0	0	0	0
26.9647058823529	0	0	4.45	0	7.77	0	0	0	2.54	18.37	19.54	0	6.43	0	20.46	2.76	15.23	9.09	0	10.33	0	48.19	0	0	22.99	64.32	0	8.07	0	9.92	0	0	5.67	0	24.15	0	0	5.99	0	0	10.83	27.02	5.53	0	3.47	0	0	42.09	17.29	10.21	0	0	5.87	0	0	0	0	0	34.95	0	0	0	0	13.03	34.74	0	0	0	0	0	11.02	0	0	8.31	10.32	7.48
27.033	0	0	0	20.97	0	0	0	0	0	0	0	0	0	0	0	0	0	0	0	0	0	0	0	0	0	0	0	0	0	0	0	0	0	23.31	0	0	0	0	0	0	0	27.6	0	76.06	0	0	0	0	0	0	26.42	0	0	0	0	0	0	30.24	0	0	0	0	0	0	0	0	55.48	0	0	42.42	0	55.23	23.42	0	0	0
27.0969230769231	0	0	36.19	0	7.8	0	0	0	2.34	0	0	0	0	13.64	0	0	12.79	0	0	0	0	0	0	0	0	101.91	0	0	0	3.95	0	0	0	0	0	0	0	0	0	0	0	0	0	0	0	4.81	0	0	0	0	0	0	6.47	0	0	0	12.44	0	17.04	0	0	0	0	0	0	2.03	0	0	0	0	0	0	0	0	0	3.94
27.1357142857143	0	0	0	0	0	0	0	0	0	18.4	10.72	0	0	0	0	17.47	0	19.32	0	0	0	13.78	0	37.4	14.02	0	0	0	0	0	0	0	0	0	19.63	0	0	0	0	0	0	0	10.1	0	0	0	0	0	16.26	8.62	0	0	0	0	0	0	0	0	0	0	0	0	0	0	0	0	0	0	0	27.06	16.93	0	0	0	14.69	0
27.1888888888889	0	0	14.09	0	0	0	0	0	0	0	0	0	0	0	0	0	0	0	0	0	0	0	0	0	0	0	0	0	0	0	0	0	0	32.33	0	0	0	0	0	0	0	62.69	0	31.25	0	0	0	0	0	0	42.5	0	0	0	0	0	0	33.13	0	0	0	0	0	0	0	0	25.35	0	0	0	0	50.09	28.32	0	0	0
27.278	0	0	0	0	6.86	0	0	0	0	0	0	0	0	0	0	0	0	0	0	0	0	0	0	0	0	94.12	0	0	0	0	0	0	0	0	0	0	0	0	0	5.14	0	0	0	0	13.37	14.31	0	0	0	0	0	0	0	0	0	0	0	0	0	0	0	0	0	0	0	0	0	0	0	0	0	0	0	0	0	0
27.317	0	0	0	0	0	0	35.8	9.43	10.09	61.09	43.56	13.01	20.65	21	41.39	24.11	47.12	0	7.61	19.63	3.93	0	20.41	40.41	59.81	0	8.46	33.81	15.63	21.71	1.71	9.32	8.66	0	0	0	0	15.39	15.67	0	0	0	24.32	0	0	0	0	0	0	39.35	0	15.64	17.02	0	0	0	17.17	0	80.22	21.9	0	0	0	47.52	55.92	4.01	0	16.87	9.62	0	0	0	0	21.47	0	19.61
27.3433333333333	0	0	0	0	0	0	0	0	0	0	0	0	0	0	0	0	0	48.04	0	0	0	94.15	0	0	0	0	0	0	0	0	2.11	0	0	0	60.67	0	0	0	0	0	27.05	0	0	0	0	0	0	52.1	61.2	0	0	0	0	0	0	0	0	0	0	0	0	0	0	0	0	0	0	0	0	0	50.91	0	0	0	42.32	0
27.397	0	0	0	39.67	0	0	0	0	0	0	0	0	0	0	0	0	0	0	0	0	0	0	0	0	0	0	0	0	0	0	0	0	0	79.66	0	0	0	0	0	0	0	105.44	0	214.83	0	0	0	0	0	0	104.73	0	0	0	0	0	0	118.11	0	0	0	0	0	0	0	0	144.85	0	0	126.7	0	174.88	83.58	0	0	0
27.465	17.65	25.45	78.23	0	32.66	0	0	0	0	0	0	0	0	0	0	0	0	0	0	0	0	0	0	0	0	0	0	0	0	0	0	0	0	0	0	0	0	0	0	0	0	0	0	0	0	0	0	0	0	0	0	0	0	0	0	0	0	0	0	0	0	0	0	0	0	0	0	0	0	0	0	0	0	0	0	0
27.5775	0	0	0	0	0	0	0	0	0	0	0	0	0	21.38	0	0	0	0	0	0	0	0	0	0	14.34	0	0	0	0	0	0	0	2.27	0	0	0	0	0	0	0	0	0	0	0	6.53	13.15	0	0	0	0	0	0	13.06	0	0	0	5.79	0	0	0	0	0	0	0	0	0	0	0	0	0	0	0	0	3.7	0	0
27.615625	0	0	0	0	0	0	36.42	0	8.02	0	0	0	0	0	0	10.23	19.26	40.42	7.94	0	4.17	18.05	0	38.51	26.47	0	0	0	0	0	0	0	2.73	0	22.23	0	0	0	0	0	0	0	0	0	0	0	0	0	0	0	0	0	0	0	0	0	3.69	0	38.39	0	0	0	0	0	0	0	0	0	0	0	0	0	0	5.21	0	15.44
27.6381481481481	0	0	0	0	0	0	0	5.73	0	40.71	40.49	0	17.27	0	39.39	12.66	12.35	0	0	13.1	0	17.01	20.03	0	0	0	5.44	34.18	0	11.1	3.66	0	0	0	18.16	5.44	0	10.64	0	0	14.04	0	26.51	0	0	0	0	41.25	55.54	37.92	0	0	0	0	0	0	5.3	0	0	0	0	0	0	39.3	26.09	0	0	0	0	0	45.88	0	0	0	53.74	0
27.69	0	0	0	13.87	0	0	0	0	0	0	0	0	0	0	0	0	0	0	0	0	0	0	0	0	0	0	0	0	0	0	0	0	0	0	0	0	0	0	0	0	0	0	0	49.91	0	0	0	0	0	0	97.61	0	0	0	0	0	0	155.72	0	0	0	0	0	0	0	2.6	0	0	0	75.39	0	115.05	74.02	0	0	0
27.7125	0	0	0	0	0	0	0	0	0	0	0	0	0	0	0	0	0	0	0	0	0	0	0	0	0	0	0	0	0	0	0	0	0	89.69	0	0	0	0	0	0	0	116.57	0	43.14	0	0	0	0	0	0	0	0	0	0	0	0	0	0	0	0	0	0	0	0	0	0	82.53	0	0	0	0	0	0	0	0	0
27.75	0	0	42.26	0	0	0	0	0	0	0	0	0	0	0	0	0	0	0	0	0	0	0	0	0	0	101.8	0	0	0	0	0	0	0	0	0	0	0	0	0	0	0	0	0	0	0	0	0	0	0	0	0	0	0	0	0	0	0	0	0	0	0	0	0	0	0	0	0	0	0	0	0	0	0	0	0	0
27.79	0	22.2	0	0	23.13	0	0	0	0	0	0	0	0	0	0	0	0	0	0	0	0	0	0	0	0	102.7	0	0	0	0	0	0	0	0	0	0	0	0	0	0	0	0	0	0	0	0	0	0	0	0	0	0	0	0	0	0	0	0	0	0	0	0	0	0	0	0	0	0	0	0	0	0	0	0	0	0
27.945	0	0	0	0	0	0	0	0	0	4.72	0	0	0	0	0	1.93	0	0	0	0	0	0	0	0	0	0	0	0	0	0	0	0	0	0	0	0	0	0	0	0	0	0	0	0	0	0	0	0	0	0	0	0	0	0	0	0	0	0	0	0	0	0	0	0	0	1.07	0	0	0	0	2.9	0	0	0	0	0
28.1285	0	0	0	0	0	0	0	3.75	9.36	0	0	0	0	25.02	0	13.54	46.28	0	0	21.39	5.02	0	0	0	0	0	7.91	0	0	0	4.54	0	6.89	0	0	0	0	0	11.57	6.46	0	0	0	0	13.04	19.05	0	0	0	0	0	8.14	15.08	0	0	0	0	0	0	0	0	0	0	22.43	0	3.47	0	0	0	0	0	0	0	21.49	0	22.47
28.1589285714286	0	0	0	0	0	0	43.44	5.26	0	58.83	0	0	22.41	0	52.53	0	0	70.88	7.92	0	0	94.74	18.52	44.36	57.47	0	0	38.32	0	23.7	0	0	0	0	61.76	6.44	0	16.66	0	0	23.36	0	25.99	0	0	0	0	61.39	0	41.61	0	8.65	0	0	0	0	18.24	0	80.13	23.3	0	0	0	32.82	54.89	0	0	0	0	0	53.05	0	0	0	47.71	0
28.2142857142857	0	0	0	40.17	0	0	0	0	0	0	52.83	0	0	0	0	12.85	0	0	5.47	0	0	0	6.77	0	0	0	0	0	0	0	0	0	0	104.11	0	0	0	0	0	0	0	85.1	0	208.17	0	0	0	0	75.56	0	109.5	0	0	0	0	0	0	0	0	0	0	0	0	0	0	1.25	0	0	0	131.27	0	190.74	87.83	0	0	0
28.26	0	0	97.59	0	0	0	0	0	0	0	0	0	0	0	0	0	0	0	0	0	0	0	0	0	0	0	0	0	0	0	0	0	0	0	0	0	0	0	0	0	0	0	0	0	0	0	0	0	0	0	0	0	0	0	0	0	0	154.09	0	0	0	0	0	0	0	0	144.79	0	0	0	0	0	0	0	0	0
28.304	16.56	31.1	0	0	32.6	0	0	0	0	0	0	0	0	0	0	0	0	0	0	0	0	0	0	0	0	369.45	0	0	0	0	0	0	0	0	0	0	0	0	0	0	0	32.23	0	0	0	0	0	0	0	0	0	0	0	0	0	0	0	0	0	0	0	0	0	0	0	0	0	0	0	0	0	0	0	0	0	0
28.9185714285714	0	0	0	0	0	0	0	0	0	0	0	0	0	0	0	0	0	0	0	0	0	0	0	0	0	0	0	0	0	0	0	0	0	0	0	0	0	0	33.53	47.83	0	0	0	0	0	94.56	13.53	0	0	0	0	0	0	0	18.55	0	0	0	0	0	0	31.04	0	0	0	6.25	0	0	0	0	0	0	0	0	0	0
29.015	0	0	0	0	0	0	0	0	0	0	0	0	0	99.88	0	0	439.8	0	228.18	0	0	0	0	0	0	0	122.57	0	50.53	0	0	169.22	53.82	0	0	158.72	0	0	0	0	0	0	0	0	0	0	0	0	0	0	0	217.71	101.67	0	0	0	0	0	0	0	123.29	0	0	0	0	0	0	0	0	0	0	0	0	262.3	0	0
29.0486666666667	0	0	0	0	0	0	0	353.39	283.44	0	0	0	380.53	0	0	0	0	463.98	0	314.77	0	0	0	539.1	0	0	0	0	0	295.8	0	0	0	0	0	0	209.91	258.42	0	0	349.58	0	432.76	0	0	0	0	0	0	0	0	0	0	0	0	0	0	3.72	0	270.71	0	0	0	0	0	0	0	285.28	0	0	0	0	0	0	0	392.73
29.1	0	0	0	0	0	60.64	833.37	0	0	459.48	0	0	0	0	527.3	0	0	0	0	0	0	0	523	0	836.15	0	0	0	0	0	0	0	0	0	0	0	0	0	0	0	0	0	0	0	0	0	0	532.39	0	0	0	0	0	0	0	0	0	0	719.87	0	0	0	0	0	713.31	0	0	0	0	0	600.53	0	0	0	0	0
29.141	0	0	0	450.63	0	0	0	0	0	0	0	0	0	0	0	0	0	0	0	0	0	956	0	0	0	0	0	749.58	0	0	0	0	0	769.01	812.25	0	0	0	0	0	0	0	0	0	0	0	0	0	896.49	1017.18	779.24	0	0	0	0	0	0	0	0	0	0	0	0	894.72	0	0	0	0	0	0	0	0	679.91	0	0	0
29.1857142857143	319.21	240.42	0	0	0	0	0	0	0	0	983.98	0	0	0	0	0	0	0	0	0	0	0	0	0	0	0	0	0	0	0	0	0	0	0	0	0	0	0	0	0	0	782.22	0	0	0	0	0	0	0	0	0	0	0	0	0	0	0	0	0	0	0	0	0	0	0	0	0	0	0	1195.44	0	1079.17	0	0	1107.59	0
29.25	0	0	0	0	584.94	0	0	0	0	0	0	0	0	0	0	0	0	0	0	0	0	0	0	0	0	967.19	0	0	0	0	0	0	0	0	0	0	0	0	0	0	0	0	0	1665.26	0	0	0	0	0	0	0	0	0	0	0	0	0	915.89	0	0	0	0	0	0	0	0	1469.71	0	0	0	0	0	0	0	0	0
29.345	0	0	1761.34	0	0	0	0	0	0	0	0	0	0	0	0	0	0	0	0	0	0	0	0	0	0	0	0	0	0	0	0	0	0	0	0	0	0	0	0	0	0	0	0	0	0	0	0	0	0	0	0	0	0	0	0	0	0	2191.68	0	0	0	0	0	0	0	0	0	0	0	0	0	0	0	0	0	0
29.43375	0	0	0	0	0	0	0	7.55	0	0	0	0	0	0	0	0	0	0	0	0	0	0	0	0	0	0	0	0	0	0	0	0	0	0	0	0	0	0	0	9.14	0	0	0	0	9.91	0	0	0	0	0	0	0	0	5.95	14.46	0	9.4	0	0	0	16.02	0	0	0	0	0	0	0	0	0	0	0	0	5.22	0	0
29.5616666666667	0	0	0	0	0	0	0	0	2.06	0	0	0	0	0	0	3.34	3.49	0	0	0	0	0	0	0	0	0	0	0	0	0	0	0	0	0	0	0	0	0	0	0	0	0	5.62	0	0	4.99	0	0	0	0	0	0	0	0	0	0	0	0	0	0	0	0	0	0	0	0	0	0	0	0	0	0	0	0	0	2.07
29.6071428571429	0	0	0	0	0	0	0	0	0	0	8.64	0	0	0	0	0	0	12.4	0	0	0	0	0	0	0	0	0	0	0	0	0	0	0	0	0	0	0	0	0	0	0	0	0	0	0	0	0	0	13.28	6.4	0	0	0	0	0	0	0	0	0	0	0	0	0	0	0	0	0	0	0	0	10.76	0	13.13	0	6.7	0
29.65	0	0	0	0	0	0	0	0	0	0	0	0	0	0	0	0	0	0	0	0	0	0	0	0	0	0	0	0	0	0	0	0	0	0	0	0	0	0	0	0	0	0	0	0	0	0	0	0	0	0	0	0	0	0	0	0	0	0	0	0	0	0	0	0	0	0	0	0	0	16.72	0	19.82	0	0	0	0
29.71	0	0	7.6	0	0	0	0	0	0	0	0	0	0	0	0	0	0	0	0	0	0	0	0	0	0	27.98	0	0	0	0	0	0	0	0	0	0	0	0	0	0	0	0	0	0	0	0	0	0	0	0	0	0	0	0	0	0	0	15.13	0	0	0	0	0	0	0	0	0	0	0	0	0	0	0	0	0	0
29.7714285714286	0	0	0	0	8.35	0	0	12.17	16.59	0	0	0	0	0	0	0	0	0	17.38	0	4.44	0	0	0	0	0	0	0	0	0	0	0	0	0	0	0	0	0	0	0	0	0	0	0	3.87	3.57	0	0	0	0	0	0	0	0	0	0	0	0	0	0	0	0	0	0	0	0	0	0	0	0	0	0	0	0	0	0
29.8071428571429	0	0	0	0	0	0	78.9	0	0	61.01	0	0	28.67	12.02	43.46	13.2	27.63	0	0	18.2	0	0	47.17	0	0	0	7.73	0	0	9.4	6.5	10.93	2.52	0	0	13.19	0	23.94	0	0	20.33	0	36.16	0	1.07	3.37	0	20.56	0	72.61	0	0	11.5	0	0	0	14.46	0	14.49	0	0	0	0	0	35.6	0	0	0	0	0	0	0	0	6.41	0	22.83
29.845	0	0	0	0	0	0	0	0	0	0	80.54	0	0	0	0	0	0	0	0	0	0	0	0	0	48.83	0	0	59.88	0	0	0	0	3.02	0	39.9	0	0	0	0	0	0	0	0	0	6.26	0	0	23.35	0	0	96.61	0	0	0	0	0	0	0	23.67	0	0	0	0	39.53	0	0	0	0	0	0	63.19	0	77.34	6.36	91.82	0
29.8677777777778	0	0	0	0	0	5.43	0	0	0	0	0	0	0	0	0	3.78	0	22.66	0	0	0	42.4	0	27.48	0	0	0	0	0	0	0	0	0	0	0	0	0	0	0	0	0	94.59	0	0	0	0	0	0	93.67	0	0	0	0	0	0	0	0	0	0	0	0	0	0	42.63	0	0	0	0	0	102.54	0	0	0	0	0	0
29.9066666666667	0	0	0	21.1	0	0	0	0	0	0	0	0	0	0	0	0	0	14.93	0	0	0	0	0	0	0	0	0	0	0	0	0	0	0	69.97	0	0	0	0	0	0	0	0	0	126.23	0	0	0	0	0	0	0	0	0	0	0	0	0	0	0	0	0	0	0	0	0	0	101.45	0	0	0	0	78.81	0	0	0	0
29.9625	0	0	89.98	0	50.57	0	0	0	0	0	0	0	0	0	0	0	0	0	0	0	0	0	0	0	0	63.55	0	0	0	0	0	0	0	0	0	0	0	0	0	0	0	0	0	0	0	0	0	0	0	0	0	0	0	0	0	0	0	326.21	0	0	0	0	0	0	0	0	0	0	0	0	0	0	0	0	0	0
29.99	0	24.29	0	0	0	0	0	0	0	0	0	0	0	0	0	0	0	0	0	0	0	0	0	0	0	110.85	0	0	0	0	0	0	0	0	0	0	0	0	0	0	0	0	0	0	0	0	0	0	0	0	0	0	0	0	0	0	0	0	0	0	0	0	0	0	0	0	0	0	0	0	0	0	5.24	0	0	0
30.0889285714286	0	0	0	0	0	0	0	13.51	19.94	0	0	14.11	35.44	21.63	0	18.79	48.45	0	19.84	25.58	6.94	0	0	0	0	0	10.5	0	17.13	21.91	6.25	13.45	9.51	0	0	13.66	0	22.84	0	5.51	0	0	0	0	11.81	9.01	0	0	0	0	0	19.72	21.22	0	0	0	26.29	0	0	23.07	0	0	0	0	0	0	0	21.99	0	0	0	0	0	19.3	0	35.21
30.1305	0	0	0	0	0	0	77.15	0	0	57.38	0	0	0	0	59.81	0	0	59.42	0	0	0	89.04	49.31	55.3	74.83	0	0	67.25	0	0	0	0	0	0	76.17	0	14.66	0	0	0	28.24	0	51.9	0	0	0	0	63.86	114.39	89.95	0	0	0	0	0	0	0	0	66.74	0	0	0	0	105	62.49	0	0	0	0	0	78.27	0	0	0	0	0
30.1845454545455	0	0	0	36.66	0	5.61	0	0	0	0	95.71	0	0	0	0	0	0	0	0	0	0	0	0	0	0	0	0	0	0	0	0	0	0	114.57	0	0	0	0	0	0	0	135.13	0	187.4	0	0	0	0	0	0	131.69	0	0	0	0	0	0	0	0	0	0	0	0	0	0	0	0	0	0	148.87	0	146.1	102.19	0	116.51	0
30.2757142857143	21.18	29.76	148.12	0	50.45	0	0	0	0	0	0	0	0	0	0	0	0	0	0	0	0	0	0	0	0	274.55	0	0	0	0	0	0	0	0	0	0	0	0	0	0	0	0	0	0	0	0	0	0	0	0	0	0	0	0	0	0	0	368.79	0	0	0	0	0	0	0	0	0	0	0	0	0	0	2.38	0	0	0
30.515	0	0	0	0	0	0	85.42	0	0	0	94.65	0	0	0	0	0	0	0	0	0	0	141.93	101.39	98.72	129.35	0	0	150.97	0	0	0	0	0	0	132.33	0	0	49.87	0	0	0	0	97.42	0	0	0	0	123.71	0	194.83	0	0	0	0	0	0	0	0	124.35	0	0	0	0	201.08	114.38	0	0	0	0	0	152.05	0	0	0	0	0
30.5625	0	0	0	66.43	0	11.74	80.83	0	0	0	94.63	0	0	0	0	0	0	0	0	0	0	0	0	0	0	0	0	0	0	0	0	0	0	216.24	0	0	0	0	0	0	0	258.15	0	0	0	0	0	0	220.93	0	235.39	0	0	0	0	0	0	0	0	0	0	0	0	0	0	0	0	0	0	291.65	0	267.57	212.36	0	232.28	0
30.634	39.26	60.6	223.41	0	0	0	0	0	0	0	0	0	0	0	0	0	0	0	0	0	0	0	0	0	0	0	0	0	0	0	0	0	0	0	0	0	0	0	0	0	0	0	0	355.67	0	0	0	0	0	0	0	0	0	0	0	0	0	0	0	0	0	0	0	0	0	0	290.22	0	0	0	0	0	0	0	0	0
30.6875	0	0	0	0	115.98	0	0	0	0.76	0	0	0	0	0	0	0	0	0	0	0	0	0	0	0	0	473.87	0	0	0	0	0	0	0	0	0	0	0	0	0	0	0	0	0	0	0	0	0	0	0	0	0	0	0	0	0	0	0	701.58	0	0	0	0	0	0	0	0	0	0	0	0	0	0	0	0	0	0
30.762	0	0	0	0	0	0	0	0	1.37	7.53	0	0	0	0	0	9.77	9.24	12.44	0	0	0	15.88	0	0	13.57	0	0	13.69	0	4.38	0	0	0	0	0	0	0	0	0	0	0	0	10	0	0	0	0	0	0	13.67	0	0	0	0	0	0	0	0	17.48	0	0	0	0	0	0	0	0	0	0	0	18.84	0	0	4.39	0	4.81
30.8146153846154	0	0	0	7.16	0	0	0	0	0	13.28	15.45	0	0	0	0	0	0	0	0	0	0	0	0	0	0	0	0	0	0	0	0	0	0	23.05	12.42	0	0	0	0	0	0	47.59	0	39.39	0	0	0	0	25.27	0	43.06	0	0	0	0	0	0	0	0	0	0	0	0	0	0	0	0	0	0	28.45	0	48.7	35.62	0	18.88	0
30.895	0	0	12.39	0	0	0	0	0	0	0	0	0	0	0	0	0	0	0	0	0	0	0	0	0	0	90.09	0	0	0	0	0	0	0	0	0	0	0	0	0	0	0	0	0	0	0	0	0	0	0	0	0	0	0	0	0	0	0	35.86	0	0	0	0	0	0	0	0	34.61	0	0	0	0	0	0	0	0	0
30.945	0	0	0	0	9.59	0	0	0	0	0	0	0	0	0	0	0	0	0	0	0	0	0	0	0	0	0	0	0	0	0	0	0	0	0	0	0	0	0	0	0	0	0	0	0	0	0	0	0	0	0	0	0	0	0	0	0	0	15.85	0	0	0	0	0	0	0	0	0	0	0	0	0	0	0	0	0	0
31.129	0	0	0	0	0	0	0	0	0	5.08	11.16	0	0	0	0	2.44	0	0	0	0	0	0	0	0	0	0	0	10.47	0	0	0	0	0	0	0	0	0	0	0	0	0	0	7.21	0	0	0	0	0	14.7	10.85	0	0	0	0	0	0	0	0	0	0	0	0	0	0	0	0	0	0	0	0	12.06	0	20.06	0	13.89	0
31.145	0	0	0	0	0	0	0	0	0	4.22	0	0	0	0	0	0	0	0	0	0	0	0	0	0	0	0	0	0	0	0	0	0	0	0	0	0	0	0	0	0	0	0	0	0	0	0	0	0	0	0	0	0	0	0	0	0	0	0	0	0	0	0	0	0	0	0	0	0	0	8.44	0	0	0	0	0	0
31.1866666666667	0	0	0	0	0	0	0	0	0	0	0	0	0	0	0	0	0	0	0	0	0	0	0	0	0	0	0	0	0	0	0	0	0	0	0	0	0	0	0	0	0	0	0	0	0	0	0	0	0	0	0	0	0	0	0	0	0	0	0	0	0	0	0	0	0	0	17.69	0	0	7.79	0	13.59	0	0	0	0
31.2575	0	0	6.82	0	6.01	0	0	0	0	0	0	0	0	0	0	0	0	0	0	0	0	0	0	0	0	22.48	0	0	0	0	0	0	0	0	0	0	0	0	0	0	0	0	0	0	0	0	0	0	0	0	0	0	0	0	0	0	0	41.41	0	0	0	0	0	0	0	0	0	0	0	0	0	0	0	0	0	0
31.295	0	0	0	0	0	0	0	0	0	0	0	0	0	0	0	0	0	0	0	0	0	0	0	0	0	0	0	0	0	0	0	0	0	0	0	0	0	0	7.51	0	0	0	0	0	0	17.96	0	0	0	0	0	0	0	0	0	0	0	0	0	0	0	0	0	0	0	0	0	0	0	0	0	0	0	0	0	0
31.38	0	0	0	0	0	0	0	0	0	0	0	0	0	0	0	0	0	96.11	48.92	0	0	0	0	0	110.23	0	8.49	0	0	0	0	0	0	0	0	14.39	0	43.19	0	4.48	47.25	0	0	0	0	0	0	0	0	0	0	0	0	0	0	0	0	0	126.84	0	0	0	0	0	0	0	0	0	0	0	0	0	0	0	0	0
31.415	0	0	0	0	0	0	141.85	0	0	97.5	0	0	0	0	0	0	0	0	0	0	0	154.33	0	33.45	0	0	0	139.98	0	0	0	0	0	0	135.95	0	0	0	0	0	0	0	85.07	0	0	0	0	100.09	212.32	172.47	0	0	0	0	0	0	0	0	0	0	0	0	0	182.39	111.42	0	0	0	0	0	135.7	0	171.9	0	0	0
31.461	0	0	0	64.62	0	10.35	0	0	0	0	164.66	0	0	0	0	0	0	0	0	0	0	0	0	0	0	0	0	0	0	0	0	0	0	189.37	0	0	0	0	0	0	0	202.39	0	202.91	0	0	0	0	0	0	195.44	0	0	0	0	0	0	0	0	0	0	0	0	0	0	0	0	0	0	265.09	0	293.95	0	0	214.99	0
31.5075	30.2	49.94	0	0	0	0	0	0	0	0	0	0	0	0	0	0	0	0	0	0	0	0	0	0	0	0	0	0	0	0	0	0	0	0	0	0	0	0	0	0	0	0	0	160.07	0	0	0	0	0	0	0	0	0	0	0	0	0	0	0	0	0	0	0	0	0	0	264.85	0	0	0	0	0	0	0	0	0
31.565	0	0	259.28	0	99.28	0	0	0	0	0	0	0	0	0	0	0	0	0	0	0	0	0	0	0	0	502.5	0	0	0	0	0	0	0	0	0	0	0	0	0	0	0	0	0	0	0	0	0	0	0	0	0	0	0	0	0	0	0	702.25	0	0	0	0	0	0	0	0	0	0	0	0	0	0	0	0	0	0
32.2484210526316	0	0	0	0	0	0	0	116.44	81.17	0	0	0	158.08	0	184.64	0	0	123.42	0	102.75	0	0	0	116.26	0	0	0	0	0	127.49	25.58	63.66	0	0	0	67.98	69.3	0	0	0	136.72	0	0	0	0	0	0	97.79	0	0	0	51.26	0	0	0	0	0	0	0	113.47	50.91	0	0	0	0	0	0	91.27	0	0	0	0	0	0	0	139.01
32.300625	0	0	0	0	0	0	162.02	0	0	238.4	0	0	0	0	0	0	0	0	50.21	0	0	468.42	217.51	0	284.95	0	0	323.32	0	0	0	0	0	128.23	280.53	0	0	118.61	0	0	0	0	173.71	0	0	0	0	97.3	0	0	0	0	0	0	0	0	0	0	309.55	0	0	0	0	202.51	266.17	0	0	0	0	0	271.26	0	0	0	0	0
32.3553333333333	0	0	0	103.83	0	23.61	187.95	0	0	0	455.71	0	0	0	0	0	0	0	0	0	0	0	0	0	0	0	0	0	0	0	0	0	0	145.9	0	0	0	0	0	0	0	407.09	0	0	0	0	0	0	471.03	420.96	408.29	0	0	0	0	0	0	4.84	0	0	0	0	0	177.21	0	0	0	0	0	536.9	0	475.26	354.32	0	477.38	0
32.36	0	0	0	98.72	0	0	0	0	0	0	0	0	0	0	0	0	0	0	0	0	0	0	0	0	0	0	0	0	0	0	0	0	0	0	0	0	0	0	0	0	0	0	0	0	0	0	0	0	0	0	0	0	0	0	0	0	0	4.19	0	0	0	0	0	0	0	0	0	0	0	0	0	0	0	0	0	0
32.41	91.6	81.81	0	0	0	0	0	0	0	0	0	0	0	0	0	0	0	0	0	0	0	0	0	0	0	0	0	0	0	0	0	0	0	0	0	0	0	0	0	0	0	0	0	789.85	0	0	0	0	0	0	0	0	0	0	0	0	0	0	0	0	0	0	0	0	0	0	0	0	0	0	0	0	0	0	0	0
32.4625	0	0	603.23	0	240.82	0	0	0	0	0	0	0	0	0	0	0	0	0	0	0	0	0	0	0	0	902.81	0	0	0	0	0	0	0	0	0	0	0	0	0	0	0	0	0	0	0	0	0	0	0	0	0	0	0	0	0	0	0	0	0	0	0	0	0	0	0	0	748.59	0	0	0	0	0	0	0	0	0
32.6466666666667	0	0	0	0	0	0	0	0	0	6.66	0	0	0	0	0	0	0	0	0	0	0	0	0	0	0	0	0	0	0	0	0	0	0	0	0	0	0	0	0	0	0	0	0	0	0	0	0	0	0	0	0	0	0	0	0	0	0	0	0	0	0	0	0	0	0	0	0	0	0	0	3.63	13.96	0	0	0	0
32.6866666666667	0	0	0	0	0	0	0	0	0	3.74	0	0	0	0	0	0	0	0	0	0	0	0	0	0	0	17.79	0	0	0	0	0	0	0	0	0	0	0	0	0	0	0	0	0	0	0	0	0	0	0	0	0	0	0	0	0	0	0	0	0	0	0	0	0	0	0	0	0	0	0	0	4.7	0	0	0	0	0
32.7433333333333	0	0	0	0	0	0	0	0	0	0	0	0	0	0	0	0	0	0	0	0	0	0	0	0	0	0	0	0	0	0	0	0	0	0	0	0	0	0	0	4.96	0	0	0	0	5.25	0	0	0	0	0	0	0	0	4.42	0	0	0	0	0	0	0	0	0	0	0	0	0	0	0	0	0	0	0	0	0	0
32.9575	0	0	0	0	0	0	0	0	2.94	0	0	0	0	0	0	3.18	7.7	11.16	0	0	0	0	0	0	0	0	0	0	0	0	0	0	0	0	0	0	0	0	0	0	0	0	0	0	0	0	0	0	0	0	0	0	0	0	0	0	0	0	0	0	0	0	0	0	0	0	0	0	0	0	0	0	0	0	0	0
32.9966666666667	0	0	0	0	0	0	0	0	0	0	0	0	0	0	0	3.76	0	0	0	0	0	0	0	0	0	0	0	0	0	0	0	0	0	0	0	0	0	0	0	0	0	0	10.03	0	0	0	0	0	0	12.45	0	0	0	0	0	0	0	0	0	0	0	0	0	0	0	0	0	0	0	0	0	11.71	10.86	0	0	4.14
33.0333333333333	0	0	0	0	0	0	0	0	0	9.78	14.45	0	0	0	0	0	0	0	0	0	0	0	0	0	0	0	0	15.24	0	0	0	0	0	0	0	0	0	0	0	0	0	0	0	0	0	0	0	0	22.18	0	0	0	0	0	0	0	0	0	0	0	0	0	0	0	0	0	0	0	0	22.96	21.92	2.72	13.09	0	20.4	0
33.055	0	0	0	0	0	0	0	0	0	0	0	0	0	0	0	0	0	0	7.2	0	0	0	0	0	0	0	0	0	0	0	0	0	0	0	0	0	0	0	0	0	0	0	0	0	0	0	0	0	0	0	0	0	0	0	0	0	0	0	0	0	0	0	0	0	0	0	0	0	0	0	0	13.37	0	0	0	0
33.1066666666667	0	0	0	0	0	0	0	0	0	10.05	0	0	0	0	0	0	0	0	0	0	0	0	0	0	0	49.1	0	0	0	0	0	0	0	0	0	0	0	0	0	0	0	0	0	0	0	0	0	0	4.01	1.92	0	0	0	0	0	0	0	66.02	0	0	0	0	0	0	0	0	19.89	0	0	0	0	0	0	0	0	0
33.1516666666667	0	0	18.33	0	0	0	0	0	0	0	8.42	0	0	0	0	0	0	0	0	0	0	0	0	0	0	0	0	0	0	0	0	0	0	0	0	0	0	0	0	0	0	0	0	0	0	0	0	0	1.77	3.64	0	0	0	0	0	0	0	0	0	0	0	0	0	0	0	0	0	0	0	0	0	0	6.5	0	6.1	0
33.1875	0	0	0	0	15.43	0	0	0	0	0	0	0	0	0	0	0	0	0	0	0	0	5.72	0	0	0	0	0	0	0	0	0	0	0	0	0	0	0	0	0	0	0	0	0	0	0	0	0	0	6.31	0	0	0	0	0	0	0	0	0	4.36	0	0	0	0	0	0	0	0	0	0	0	0	0	0	0	0	0
33.2133333333333	0	0	0	0	0	0	0	0	0	0	0	0	0	0	0	0	0	0	0	0	0	4.4	0	0	0	0	0	0	0	0	0	0	0	0	0	0	0	0	0	0	0	0	0	0	0	0	0	0	0	0	0	0	0	0	0	0	0	0	5.8	0	0	0	0	0	0	0	0	0	0	5.65	0	0	0	0	0	0
33.255	0	0	0	0	0	0	0	0	0	0	0	0	0	0	0	0	0	0	0	0	0	0	0	0	0	0	0	0	0	0	0	0	0	0	0	0	0	0	0	0	0	0	0	0	0	0	0	0	0	0	0	0	0	0	0	0	0	30.3	0	0	0	0	0	0	0	0	9.1	0	0	0	0	0	0	0	0	0
33.315	0	0	0	0	0	0	0	0	0	6.81	0	0	0	0	0	4.35	0	0	0	0	0	0	0	0	0	13.36	0	0	0	0	0	0	0	0	0	0	0	0	0	0	0	0	4.62	0	0	0	0	0	0	0	0	0	0	0	0	0	0	0	0	0	0	0	0	0	0	0	0	0	0	0	0	0	0	0	0	0
33.35	0	0	0	0	0	0	0	0	0	0	0	0	0	0	0	0	0	0	0	0	0	0	0	0	0	0	0	8.62	0	0	0	0	0	0	0	0	0	0	0	0	0	0	0	0	0	0	0	0	9.95	6	0	0	0	0	0	0	0	0	0	0	0	0	0	0	0	0	0	0	0	0	5.73	0	0	0	17.44	0
33.394	0	0	0	0	0	0	0	0	3.72	0	0	0	0	0	0	0	12.68	0	0	0	0	0	0	0	0	0	0	0	0	0	0	0	0	0	0	0	0	0	0	0	0	0	0	0	0	0	0	0	0	0	0	0	0	0	0	0	0	0	0	0	0	0	0	0	13.97	0	0	0	0	0	1.59	0	0	9.25	0	0
33.4335714285714	0	0	0	0	0	0	0	0	0	14.83	14.49	0	0	0	0	0	0	0	0	0	0	31.54	11.21	0	18.15	0	0	2.46	0	15.58	0	0	0	0	17.12	0	0	0	0	0	0	0	3.02	0	0	0	0	0	0	0	0	0	0	0	0	0	0	40.76	31.02	0	0	0	0	0	8.08	0	0	0	0	0	0	0	13.12	0	0	8.97
33.466	0	0	0	0	0	0	0	0	0	0	0	0	0	0	0	0	0	0	0	0	0	0	0	0	0	0	0	8.71	0	0	0	0	0	0	0	0	0	0	0	0	0	0	1.91	64.05	0	0	0	0	23.71	17.82	0	0	0	0	0	0	0	0	0	0	0	0	0	27.96	0	0	0	0	0	35.19	13.6	0	10.98	0	17.16	0
33.5	0	0	0	16.89	0	0	0	0	0	0	11.09	0	0	0	0	0	0	0	0	0	0	0	0	0	0	0	0	0	0	0	0	0	0	0	0	0	0	0	0	0	0	0	0	35.88	0	0	0	0	0	0	0	0	0	0	0	0	0	0	0	0	0	0	0	0	0	0	25.66	0	0	0	0	33.22	0	0	0	0
33.5809090909091	0	0	31.9	0	13.03	0	0	0	2.82	0	0	0	16.98	0	0	0	6.13	0	11	0	0	0	0	0	0	67.9	0	0	0	0	0	0	0	0	0	0	0	0	0	0	0	0	0	0	0	0	0	0	0	0	0	0	0	0	0	0	0	63.11	8.91	0	0	0	0	0	0	0	29.96	0	0	0	0	0	0	0	0	5.16
33.6172222222222	0	0	0	0	0	0	42.1	0	0	19.43	19.99	0	0	0	0	6.44	0	20.6	0	0	0	0	12.29	0	5.69	0	0	23.84	0	0	3.92	0	0	0	10.01	0	0	14.35	0	0	0	0	12.27	0	0	0	0	0	33.13	25.56	0	0	0	0	0	0	0	0	0	0	0	0	0	25.09	0	0	0	0	0	0	19.69	0	16.89	0	36.85	0
33.6575	0	0	0	0	0	0	0	0	0	0	0	0	0	0	0	0	0	0	0	0	0	0	0	0	4.43	0	0	0	0	0	0	0	0	40.3	0	0	0	0	0	0	0	36.99	0	25.98	0	0	0	0	0	0	30.84	0	0	0	0	0	0	0	0	0	0	0	0	0	0	0	0	0	0	23.73	0	15.54	12.79	0	0	0
33.7275	0	0	15.57	0	0	0	0	0	0	0	0	0	0	0	0	0	0	0	0	0	0	0	0	0	0	44.51	0	0	0	0	0	0	0	0	0	0	0	0	0	0	0	0	0	0	0	0	0	0	0	0	0	0	0	0	0	0	0	117.54	0	0	0	0	0	0	0	0	31.19	0	0	0	0	0	0	0	0	0
33.8028571428571	0	0	0	0	12	0	0	7.92	6.67	0	0	0	0	0	0	0	0	0	0	10.18	0	0	0	0	0	0	0	0	0	0	0	0	0	0	0	0	0	0	0	0	0	0	0	0	8.91	0	0	0	0	0	0	0	3.52	0	0	0	0	0	0	0	0	0	0	0	0	0	0	0	0	0	0	0	0	11.64	0	0
33.8336363636364	0	0	0	0	0	0	0	0	0	35.88	0	0	17.42	0	23.48	7.35	18.38	16.92	8.15	0	0	44.01	25.56	0	28.93	0	0	0	0	10.6	3.99	0	0	0	13.32	7.79	0	8.4	0	0	13.73	0	18.86	0	0	0	0	0	0	0	0	0	3.81	0	0	0	0	0	36.09	0	0	0	0	0	25.26	0	0	0	0	24.04	0	0	0	0	0	13.11
33.8853333333333	0	0	0	0	0	0	37.46	0	0	0	49.99	0	0	0	0	0	0	0	0	0	0	0	0	0	0	0	0	34.83	0	0	0	0	0	38.24	11.79	0	0	6.23	0	0	0	0	0	0	0	0	0	0	60.68	42.31	60.17	0	0	0	0	0	0	0	0	0	0	0	0	47.26	0	0	0	0	0	36.66	36.47	75.89	55.35	0	48.1	0
33.925	0	0	0	20.93	0	0	0	0	0	0	0	0	0	0	0	0	0	0	0	0	0	0	0	0	0	0	0	0	0	0	0	0	0	0	0	0	0	0	0	0	0	54.63	0	100.09	0	0	0	0	0	0	0	0	0	0	0	0	0	0	0	0	0	0	0	0	0	0	80.43	0	0	0	0	0	0	0	0	0
33.985	0	11.57	40.88	0	0	0	0	0	0	0	0	0	0	0	0	0	0	0	0	0	0	0	0	0	0	146.45	0	0	0	0	0	0	0	0	0	0	0	0	0	0	0	0	0	0	0	0	0	0	0	0	0	0	0	0	0	0	0	177.82	0	0	0	0	0	0	0	0	0	0	0	0	0	0	0	0	0	0
34.1385714285714	0	0	0	0	0	0	29.58	0	4.74	22.82	0	0	11.81	0	0	6.38	12.38	10.45	6.37	6.18	0	0	17.16	0	18.59	0	0	0	0	5.9	2.76	0	0	0	0	0	0	9.79	0	0	0	0	19.95	0	0	0	0	0	0	34.47	0	0	0	0	0	0	0	0	17.97	0	0	0	0	37.16	14.28	0	0	0	0	0	0	0	0	5.91	0	8.88
34.173	0	0	0	0	0	0	0	0	0	0	30.24	0	0	0	0	0	0	0	0	0	0	19.16	0	0	0	0	0	32.72	0	0	0	0	0	0	18.39	0	0	0	0	0	0	0	0	0	0	0	0	0	44.58	0	52.12	0	0	0	0	0	0	0	0	0	0	0	0	0	0	0	0	0	0	40.97	26.79	0	45.18	0	50.57	0
34.2133333333333	0	0	0	4.77	0	0	0	0	0	0	0	0	0	0	0	0	0	0	0	0	0	0	0	0	0	0	0	0	0	0	0	0	0	34.63	0	0	0	0	0	0	0	53.18	0	50.22	0	0	0	0	0	0	0	0	0	0	0	0	0	0	0	0	0	0	0	0	0	0	49.97	0	0	0	0	45.38	0	0	0	0
34.2675	0	0	27.35	3.68	0	0	0	0	0	0	0	0	0	0	0	0	0	0	0	0	0	0	0	0	0	90.98	0	0	0	0	0	0	0	0	0	0	0	0	0	0	0	0	0	0	0	0	0	0	0	0	0	0	0	0	0	0	0	81.63	0	0	0	0	0	0	0	0	0	0	0	0	0	0	0	0	0	0
34.295	0	0	0	0	17.7	0	0	0	0	0	0	0	0	0	0	0	0	0	0	0	0	0	0	0	0	0	0	0	0	0	0	0	0	0	0	0	0	0	0	0	0	0	0	0	0	0	0	0	0	0	0	0	0	0	0	0	0	76.06	0	0	0	0	0	0	0	0	0	0	0	0	0	0	0	0	0	0
34.7411111111111	0	0	0	0	0	0	0	0	5.45	0	0	0	4.44	0	0	2.89	15.11	12.87	0	6.95	0	0	0	0	0	0	0	0	0	0	0	0	0	0	0	0	0	0	0	0	10.52	0	0	0	2.8	0	0	0	0	0	0	0	0	0	0	0	0	0	0	0	0	0	0	0	0	0	0	0	0	0	0	0	0	0	0	10.75
34.7725	0	0	0	0	0	0	0	6.44	0	13.4	0	0	1.77	0	0	4.98	0	0	3.1	0	0	45.2	10.2	0	21.61	0	0	12.72	0	11.12	3.07	0	0	27.62	22.66	0	0	4.51	0	0	0	0	15.69	0	4.17	0	0	0	0	0	0	0	0	0	0	0	0	0	29.25	0	0	0	0	0	24.15	0	0	0	0	50.04	0	0	0	10.42	0	0
34.8135294117647	0	0	0	0	0	0	32.06	0	0	12.95	41.38	0	7.23	0	0	0	0	0	5.99	0	0	0	14.08	0	0	0	0	17.41	0	0	0	0	0	0	0	7.29	0	7.68	0	0	0	0	0	79.87	0	0	0	0	59.61	37.6	42.59	0	0	0	0	0	0	0	0	0	0	0	0	43.01	0	0	0	0	0	0	37.36	61.01	43.07	0	0	0
34.85	0	0	0	18.34	0	0	0	0	0	0	0	0	0	0	0	0	0	0	0	0	0	0	0	0	0	0	0	0	0	0	0	0	0	0	0	0	0	0	0	0	0	35.26	0	0	0	0	0	0	0	0	0	0	0	0	0	0	0	0	0	0	0	0	0	0	0	0	71.19	0	0	0	0	0	0	0	44.96	0
34.905	0	0	49.89	0	0	0	0	0	0	6.78	0	0	0	0	0	0	0	0	6.29	0	0	0	0	0	0	117.18	0	0	0	0	0	0	0	0	0	0	0	0	0	0	0	19.06	0	0	0	0	0	0	0	0	0	0	0	0	0	0	0	155.38	0	0	0	0	0	0	0	0	0	0	0	0	0	0	0	0	0	0
35.6944	0	0	0	0	0	0	0	194.27	107.51	173.12	0	0	182.88	0	196	0	114.62	94.06	105.07	113.83	0	0	0	96.27	0	0	39.12	0	24.51	105.63	0	74.63	0	0	0	85.8	91.75	123.32	0	0	132.4	0	193.95	0	0	0	0	174.66	0	0	0	103	0	0	0	0	0	0	0	105.27	0	0	0	0	256.31	0	0	0	0	0	0	0	0	120.93	0	158.28
35.745	0	0	0	0	0	0	0	0	0	0	0	0	0	0	0	0	0	0	0	0	0	340.5	281.31	0	248.87	0	0	0	0	0	0	0	0	270.7	260.71	0	0	0	0	0	0	0	0	0	0	0	0	0	0	0	0	0	0	0	0	0	0	0	218.13	0	0	0	0	437	0	0	0	0	0	0	275.89	0	0	0	0	0
35.7775	0	0	0	0	0	29.47	423.87	0	0	0	0	0	0	0	0	0	0	0	0	0	0	0	0	0	0	0	0	358.59	0	0	0	0	0	0	0	0	0	0	0	0	0	288.2	0	0	0	0	0	0	446.55	0	303.16	0	0	0	0	0	0	0	0	0	0	0	0	0	0	0	0	0	0	0	0	299.23	288.84	0	0	0
35.8166666666667	0	0	0	169.76	0	0	0	0	0	0	565	0	0	0	0	0	0	0	0	0	0	0	0	0	0	0	0	0	0	0	0	0	0	0	0	0	0	0	0	0	0	0	0	620.51	0	0	0	0	0	543.83	0	0	0	0	0	0	0	0	0	0	0	0	0	0	0	0	0	0	0	522.22	0	0	0	0	312.09	0
35.8675	78.99	71.31	0	0	0	0	0	0	0	0	0	0	0	0	0	0	0	0	0	0	0	0	0	0	0	580.01	0	0	0	0	0	0	0	0	0	0	0	0	0	0	0	0	0	0	0	0	0	0	0	0	0	0	0	0	0	0	0	0	0	0	0	0	0	0	0	0	626.89	0	0	0	0	0	0	0	0	0
35.925	0	0	669.65	0	277.15	0	0	0	0	0	0	0	0	0	0	0	0	0	0	0	0	0	0	0	0	0	0	0	0	0	0	0	0	0	0	0	0	0	0	0	0	0	0	0	0	0	0	0	0	0	0	0	0	0	0	0	0	0	0	0	0	0	0	0	0	0	0	0	0	0	0	0	0	0	0	0
36.135	0	0	0	0	0	0	0	0	0	10.21	0	0	0	0	0	0	0	0	0	0	0	0	0	0	0	0	0	0	0	0	0	0	0	0	0	0	0	0	0	0	0	0	0	0	0	0	0	0	0	0	0	0	0	0	0	0	0	0	0	0	0	0	0	0	0	0	0	0	0	0	3.87	0	0	0	0	0
36.6958333333333	0	0	0	0	0	0	0	0	2.94	10.31	0	0	3.88	0	0	0	2.35	0	0	0	0	0	11.51	0	9.22	0	0	0	0	0	0	0	0	0	0	0	0	0	0	0	0	0	8.67	0	0	0	0	0	0	0	0	0	0	0	0	0	0	0	10.32	0	0	0	0	11.94	0	0	0	0	0	0	0	0	16.92	4.22	0	5.65
36.725	0	0	0	0	0	0	0	0	0	0	21.89	0	4	0	0	0	2.35	0	0	0	0	14.27	0	0	0	0	0	9.37	0	0	0	0	0	0	0	0	0	0	0	0	0	0	0	0	0	0	0	0	18.14	21.35	0	0	0	0	0	0	0	0	0	0	0	0	0	11.78	0	0	0	0	0	22.65	14.89	16.31	0	0	25.47	0
36.755	0	0	0	0	0	0	0	0	0	0	0	0	0	0	0	0	0	0	0	0	0	0	0	0	0	0	0	8.98	0	0	0	0	0	0	0	0	0	0	0	0	0	0	0	29.28	0	0	0	0	0	0	0	0	0	0	0	0	0	0	0	0	0	0	0	0	0	0	0	0	0	0	0	0	0	0	0	0
36.81	0	0	0	0	0	0	0	0	0	0	0	0	0	0	0	0	0	0	0	0	0	0	0	0	0	38.94	0	0	0	0	0	0	0	0	0	0	0	0	0	0	0	0	0	0	0	0	0	0	0	0	0	0	0	0	0	0	0	74.69	0	0	0	0	0	0	0	0	24.43	0	0	0	0	0	0	0	0	0
36.86	0	0	18.41	0	9.55	0	0	0	0	0	0	0	0	0	0	0	0	0	0	0	0	0	0	0	0	0	0	0	0	0	0	0	0	0	0	0	0	0	0	0	0	0	0	0	0	0	0	0	0	0	0	0	0	0	0	0	0	0	0	0	0	0	0	0	0	0	0	0	0	0	0	0	0	0	0	0
36.936875	0	0	0	0	0	0	53.52	8.26	10.23	27.59	0	0	20.62	0	24.4	5.94	17.42	12.93	14.39	12.04	0	38.46	34.06	0	29.58	0	4.11	0	0	9.2	4.11	0	0	0	27.98	10.46	0	15.06	0	0	13.87	0	29.43	0	7.43	0	0	22.1	0	0	0	0	7.33	0	0	0	7.71	0	25.99	0	0	0	0	69.6	30.12	0	0	0	0	0	47.21	0	0	11.22	0	18.86
36.9875	0	0	0	0	0	0	0	0	0	0	61.85	0	0	0	0	0	0	0	0	0	0	0	0	0	0	0	0	54.91	0	0	0	0	0	43.41	0	0	0	0	0	0	0	50.82	0	80.46	0	0	0	0	66.96	77.19	53.3	0	0	0	0	0	0	0	0	0	0	0	0	0	0	0	0	0	0	63.22	0	40.84	48.49	0	80.98	0
37.045	0	0	0	17.39	0	3.68	0	0	0	0	0	0	0	0	0	0	0	0	0	0	0	0	0	0	0	94.35	0	0	0	0	0	0	0	0	0	0	0	0	0	0	0	0	0	0	0	0	0	0	0	0	0	0	0	0	0	0	0	0	0	0	0	0	0	0	0	0	79.33	0	0	0	0	0	0	0	0	0
37.1075	0	11.39	72.19	0	33.25	0	0	0	0	0	0	0	0	0	0	0	0	0	0	0	0	0	0	0	0	0	0	0	0	0	0	0	0	0	0	0	0	0	0	0	0	0	0	0	0	0	0	0	0	0	0	0	0	0	0	0	0	255.41	0	0	0	0	0	0	0	0	0	0	0	0	0	0	0	0	0	0
37.326875	0	0	0	0	0	0	0	10.06	12.49	29.58	0	0	24.71	0	0	2.27	19.27	0	15.24	14.15	3.61	0	0	0	0	0	0	0	0	0	0	8.74	4.07	0	0	0	0	0	0	0	0	0	0	0	8.79	0	0	0	0	0	0	0	8.73	0	0	0	8.86	0	0	0	0	0	0	0	0	0	0	0	0	0	0	0	0	5.9	0	20.09
37.3475	0	0	0	0	0	0	66.11	0	0	0	0	0	0	0	32.16	0.48	0	17.04	0	0	0	0	20.86	0	33	0	5.16	0	0	10.52	5.07	0	0	0	0	12.8	0	0	0	0	16.09	0	31.58	0	0	0	0	26.76	0	0	0	0	0	0	0	0	0	0	32.41	0	0	0	0	74.71	0	0	0	0	0	0	0	0	0	6.91	0	0
37.3788235294118	0	0	0	0	0	0	0	0	0	0	77.04	0	0	0	0	3.24	0	0	0	0	0	42.23	22.12	0	0	0	0	60.33	0	0	0	0	0	50.72	31.63	0	0	19.22	0	0	0	0	0	0	0	0	0	0	77.99	78.37	59.72	0	0	0	0	0	0	0	0	0	0	0	0	0	30.66	0	0	0	0	69.96	50.54	63.32	57.94	0	89.09	0
37.43	0	0	0	0	0	0	0	0	0	0	0	0	0	0	0	0	0	0	0	0	0	0	0	0	0	120.58	0	0	0	0	0	0	0	0	0	0	0	0	0	0	0	54.9	0	98.51	0	0	0	0	0	0	0	0	0	0	0	0	0	0	0	0	0	0	0	0	0	0	80.06	0	0	0	0	0	0	0	0	0
37.47	0	0	61.09	20.73	0	4.21	0	0	0	0	0	0	0	0	0	0	0	0	0	0	0	0	0	0	0	0	0	0	0	0	0	0	0	0	0	0	0	0	0	0	0	0	0	0	0	0	0	0	0	0	0	0	0	0	0	0	0	0	0	0	0	0	0	0	0	0	0	0	0	0	0	0	0	0	0	0
37.5233333333333	0	13.11	0	0	41.49	0	0	0	0	0	0	0	0	0	0	0	0	0	0	0	0	0	0	0	0	0	0	0	0	0	0	0	0	0	0	0	0	0	0	0	0	0	0	0	0	0	0	0	0	0	0	0	0	0	0	0	0	286.85	0	0	0	0	0	0	0	0	0	0	0	0	0	0	0	0	0	0
37.7166666666667	0	0	0	0	0	0	0	0	0	0	0	0	0	0	0	0	0	0	0	0	0	0	0	0	0	0	0	0	0	0	0	0	0	0	0	0	0	0	0	0	0	0	2.58	0	0	0	0	0	11.08	5.58	0	0	0	0	0	0	0	0	0	0	0	0	0	0	0	0	0	0	0	0	5.47	0	9.08	0	8.14	0
38.3303448275862	0	0	0	0	0	0	55.46	10.06	9.63	30.97	0	0	22.13	0	0	6.03	16.99	14.41	17.14	10.74	0	41.45	38.37	0	26.69	0	0	0	0	12.6	4.54	0	0	0	29.55	12.69	0	16.81	0	0	12.53	0	29.36	0	6.87	0	0	20.92	0	77	0	0	7.14	0	0	0	0	0	12.27	0	0	0	0	0	14.32	0	0	0	0	0	47.8	0	0	11.79	0	16.17
38.378125	0	0	0	0	0	0	0	0	0	0	71.88	0	0	0	0	0	0	0	0	0	0	0	0	0	0	108.65	0	52.21	0	0	0	0	0	39.88	0	0	0	0	0	0	0	55.98	0	85.22	0	0	0	0	78.29	0	53.11	0	0	0	0	0	0	0	14.39	0	0	0	0	71.66	14.93	0	79.65	0	0	64.26	0	50.02	49.81	0	87.84	0
38.4675	0	0	75.28	18.2	0	4.37	0	0	0	0	0	0	0	0	0	0	0	0	0	0	0	0	0	0	0	0	0	0	0	0	0	0	0	0	0	0	0	0	0	0	0	0	0	0	0	0	0	0	0	0	0	0	0	0	0	0	0	280.75	0	0	0	0	0	0	0	0	0	0	0	0	0	0	0	0	0	0
38.515	0	9.66	0	0	35.19	0	0	0	0	0	0	0	0	0	0	0	0	0	0	0	0	0	0	0	0	0	0	0	0	0	0	0	0	0	0	0	0	0	0	0	0	0	0	0	0	0	0	0	0	0	0	0	0	0	0	0	0	0	0	0	0	0	0	0	0	0	0	0	0	0	0	0	0	0	0	0
39.2783333333333	0	0	0	0	0	0	89.71	29.03	13.38	44.47	0	0	0	0	21.5	5.93	13.74	0	12.12	13.64	0	0	0	0	0	0	4.74	0	0	15.18	6.7	10.8	0	0	25.38	22.02	13.01	0	0	0	0	0	31.1	0	13.9	0	0	0	0	0	0	18.68	7.92	0	0	0	0	0	26.75	0	0	0	0	0	16.28	0	0	0	0	0	0	0	0	17.4	0	20.78
39.3157142857143	0	0	0	0	0	0	0	0	0	0	0	0	36.16	0	0	0	0	0	12.5	0	0	46.68	63.71	0	32.24	0	0	71.3	0	0	0	0	0	33.05	0	0	0	28.53	0	0	18.58	25.96	0	86.13	0	0	0	0	111.91	105.41	61.81	0	0	0	0	0	0	0	0	0	0	0	0	87.74	13.01	0	0	0	0	70.18	53.89	39.72	34.88	0	108.96	0
39.362	0	0	0	0	0	0	0	0	0	0	127.95	0	0	0	0	0	0	0	0	0	0	0	0	0	0	104.06	0	0	0	0	0	0	0	0	0	0	0	0	0	0	0	33.92	0	0	0	0	0	0	0	0	0	0	0	0	0	0	0	0	0	0	0	0	0	0	0	0	117.48	0	0	0	0	0	24.71	0	0	0
39.4266666666667	0	0	76.89	25.9	0	6.34	0	0	0	0	0	0	0	0	0	0	0	0	0	0	0	0	0	0	0	0	0	0	0	0	0	0	0	0	0	0	0	0	0	0	0	0	0	0	0	0	0	0	0	0	0	0	0	0	0	0	0	0	0	0	0	0	0	0	0	0	0	0	0	0	0	0	0	0	0	0
39.48	0	0	0	0	53.7	0	0	0	0	0	0	0	0	0	0	0	0	0	0	0	0	0	0	0	0	0	0	0	0	0	0	0	0	0	0	0	0	0	0	0	0	0	0	0	0	0	0	0	0	0	0	0	0	0	0	0	0	399.8	0	0	0	0	0	0	0	0	0	0	0	0	0	0	0	0	0	0
39.7533333333333	0	0	0	0	0	0	0	0	0	18.4	0	0	0	0	0	0	0	0	0	0	0	0	0	0	0	0	0	0	0	0	0	0	0	0	0	0	0	0	0	0	0	0	0	0	0	0	0	0	8.06	0	0	0	0	0	0	0	0	0	0	0	0	0	0	0	0	0	0	0	0	0	12.91	0	0	0	0	0
40.60375	0	0	0	0	0	0	0	0	0	7.97	13.57	0	0	0	0	0	0	0	0	0	0	0	0	0	0	0	0	0	0	0	0	0	0	0	0	0	0	0	0	0	0	0	3.99	0	0	0	0	0	15.71	12.37	0	0	0	0	0	0	0	0	0	0	0	0	0	0	0	0	0	0	0	0	8.75	0	9.03	0	12.62	0
41.03125	0	0	0	0	0	0	0	0	0	0	14.54	0	0	0	0	0	0	0	0	0	0	0	0	0	0	0	0	10.1	0	0	0	0	0	0	0	0	0	0	0	0	0	0	3.78	0	0	0	0	0	14.89	11.19	0	0	0	0	0	0	0	0	0	0	0	0	0	0	0	0	0	0	0	0	8.01	0	9.05	0	12.43	0
42.0442857142857	0	0	0	0	0	0	0	0	0	0	12.87	0	0	0	0	0	0	0	0	0	0	0	0	0	0	0	0	0	0	0	0	0	0	0	0	0	0	0	0	0	0	0	3.44	0	0	0	0	0	14.73	11.16	0	0	0	0	0	0	0	0	0	0	0	0	0	0	0	0	0	0	0	0	7.96	0	6.72	0	12.11	0
43.00625	0	0	0	0	0	0	0	0	0	0	20.13	0	0	0	0	0	0	0	0	0	0	0	10.84	0	0	0	0	0	0	0	0	0	0	0	0	0	0	0	0	0	0	0	4.05	0	0	0	0	0	15.22	14.63	0	0	0	0	0	0	0	0	0	0	0	0	0	0	0	0	0	0	0	0	7.52	0	0	0	15.47	2.78
49.0066666666667	0	0	17.39	24.42	0	2.78	0	0	0	0	0	0	0	0	0	0	0	0	0	0	0	0	0	0	0	0	0	0	0	0	0	0	0	0	0	0	0	0	0	0	0	0	0	0	0	0	0	0	0	0	0	0	0	0	0	0	0	0	0	0	0	0	0	0	0	0	0	0	0	0	0	0	0	0	0	0
49.0433333333333	0	0	3.35	14.04	0	5.55	0	0	0	0	0	0	0	0	0	0	0	0	0	0	0	0	0	0	0	0	0	0	0	0	0	0	0	0	0	0	0	0	0	0	0	0	0	0	0	0	0	0	0	0	0	0	0	0	0	0	0	0	0	0	0	0	0	0	0	0	0	0	0	0	0	0	0	0	0	0
51	0	0	9.63	0	0	3.09	0	0	0	0	0	0	0	0	0	0	0	0	0	0	0	0	0	0	0	0	0	0	0	0	0	0	0	0	0	0	0	0	0	0	0	0	0	0	0	0	0	0	0	0	0	0	0	0	0	0	0	0	0	0	0	0	0	0	0	0	0	0	0	0	0	0	0	0	0	0
51.03	0	0	8	0	0	1.03	0	0	0	0	0	0	0	0	0	0	0	0	0	0	0	0	0	0	0	0	0	0	0	0	0	0	0	0	0	0	0	0	0	0	0	0	0	0	0	0	0	0	0	0	0	0	0	0	0	0	0	0	0	0	0	0	0	0	0	0	0	0	0	0	0	0	0	0	0	0
